
 LIST ALL SELECTED NODES.   DSYS=      0

    NODE        X            Y            Z          THXY     THYZ     THZX
     1157   0.0000       0.0000      -26.778         0.00     0.00     0.00
     1202   26.778       0.0000       0.0000         0.00     0.00     0.00
     1203   26.761       0.0000     -0.95577         0.00     0.00     0.00
     1204   26.710       0.0000      -1.9103         0.00     0.00     0.00
     1205   26.625       0.0000      -2.8624         0.00     0.00     0.00
     1206   26.505       0.0000      -3.8109         0.00     0.00     0.00
     1207   26.353       0.0000      -4.7545         0.00     0.00     0.00
     1208   26.166       0.0000      -5.6921         0.00     0.00     0.00
     1209   25.946       0.0000      -6.6224         0.00     0.00     0.00
     1210   25.693       0.0000      -7.5442         0.00     0.00     0.00
     1211   25.408       0.0000      -8.4565         0.00     0.00     0.00
     1212   25.090       0.0000      -9.3580         0.00     0.00     0.00
     1213   24.740       0.0000      -10.247         0.00     0.00     0.00
     1214   24.358       0.0000      -11.124         0.00     0.00     0.00
     1215   23.946       0.0000      -11.986         0.00     0.00     0.00
     1216   23.502       0.0000      -12.833         0.00     0.00     0.00
     1217   23.029       0.0000      -13.664         0.00     0.00     0.00
     1218   22.527       0.0000      -14.477         0.00     0.00     0.00
     1219   21.996       0.0000      -15.272         0.00     0.00     0.00
     1220   21.437       0.0000      -16.047         0.00     0.00     0.00

    NODE        X            Y            Z          THXY     THYZ     THZX
     1221   20.850       0.0000      -16.802         0.00     0.00     0.00
     1222   20.237       0.0000      -17.536         0.00     0.00     0.00
     1223   19.599       0.0000      -18.247         0.00     0.00     0.00
     1224   18.935       0.0000      -18.935         0.00     0.00     0.00
     1225   18.247       0.0000      -19.599         0.00     0.00     0.00
     1226   17.536       0.0000      -20.237         0.00     0.00     0.00
     1227   16.802       0.0000      -20.850         0.00     0.00     0.00
     1228   16.047       0.0000      -21.437         0.00     0.00     0.00
     1229   15.272       0.0000      -21.996         0.00     0.00     0.00
     1230   14.477       0.0000      -22.527         0.00     0.00     0.00
     1231   13.664       0.0000      -23.029         0.00     0.00     0.00
     1232   12.833       0.0000      -23.502         0.00     0.00     0.00
     1233   11.986       0.0000      -23.946         0.00     0.00     0.00
     1234   11.124       0.0000      -24.358         0.00     0.00     0.00
     1235   10.247       0.0000      -24.740         0.00     0.00     0.00
     1236   9.3580       0.0000      -25.090         0.00     0.00     0.00
     1237   8.4565       0.0000      -25.408         0.00     0.00     0.00
     1238   7.5442       0.0000      -25.693         0.00     0.00     0.00
     1239   6.6224       0.0000      -25.946         0.00     0.00     0.00
     1240   5.6921       0.0000      -26.166         0.00     0.00     0.00

    NODE        X            Y            Z          THXY     THYZ     THZX
     1241   4.7545       0.0000      -26.353         0.00     0.00     0.00
     1242   3.8109       0.0000      -26.505         0.00     0.00     0.00
     1243   2.8624       0.0000      -26.625         0.00     0.00     0.00
     1244   1.9103       0.0000      -26.710         0.00     0.00     0.00
     1245  0.95577       0.0000      -26.761         0.00     0.00     0.00
     6927  -26.778       0.0000       0.0000         0.00     0.00     0.00
     6971 -0.95577       0.0000      -26.761         0.00     0.00     0.00
     6972  -1.9103       0.0000      -26.710         0.00     0.00     0.00
     6973  -2.8624       0.0000      -26.625         0.00     0.00     0.00
     6974  -3.8109       0.0000      -26.505         0.00     0.00     0.00
     6975  -4.7545       0.0000      -26.353         0.00     0.00     0.00
     6976  -5.6921       0.0000      -26.166         0.00     0.00     0.00
     6977  -6.6224       0.0000      -25.946         0.00     0.00     0.00
     6978  -7.5442       0.0000      -25.693         0.00     0.00     0.00
     6979  -8.4565       0.0000      -25.408         0.00     0.00     0.00
     6980  -9.3580       0.0000      -25.090         0.00     0.00     0.00
     6981  -10.247       0.0000      -24.740         0.00     0.00     0.00
     6982  -11.124       0.0000      -24.358         0.00     0.00     0.00
     6983  -11.986       0.0000      -23.946         0.00     0.00     0.00
     6984  -12.833       0.0000      -23.502         0.00     0.00     0.00

    NODE        X            Y            Z          THXY     THYZ     THZX
     6985  -13.664       0.0000      -23.029         0.00     0.00     0.00
     6986  -14.477       0.0000      -22.527         0.00     0.00     0.00
     6987  -15.272       0.0000      -21.996         0.00     0.00     0.00
     6988  -16.047       0.0000      -21.437         0.00     0.00     0.00
     6989  -16.802       0.0000      -20.850         0.00     0.00     0.00
     6990  -17.536       0.0000      -20.237         0.00     0.00     0.00
     6991  -18.247       0.0000      -19.599         0.00     0.00     0.00
     6992  -18.935       0.0000      -18.935         0.00     0.00     0.00
     6993  -19.599       0.0000      -18.247         0.00     0.00     0.00
     6994  -20.237       0.0000      -17.536         0.00     0.00     0.00
     6995  -20.850       0.0000      -16.802         0.00     0.00     0.00
     6996  -21.437       0.0000      -16.047         0.00     0.00     0.00
     6997  -21.996       0.0000      -15.272         0.00     0.00     0.00
     6998  -22.527       0.0000      -14.477         0.00     0.00     0.00
     6999  -23.029       0.0000      -13.664         0.00     0.00     0.00
     7000  -23.502       0.0000      -12.833         0.00     0.00     0.00
     7001  -23.946       0.0000      -11.986         0.00     0.00     0.00
     7002  -24.358       0.0000      -11.124         0.00     0.00     0.00
     7003  -24.740       0.0000      -10.247         0.00     0.00     0.00
     7004  -25.090       0.0000      -9.3580         0.00     0.00     0.00

    NODE        X            Y            Z          THXY     THYZ     THZX
     7005  -25.408       0.0000      -8.4565         0.00     0.00     0.00
     7006  -25.693       0.0000      -7.5442         0.00     0.00     0.00
     7007  -25.946       0.0000      -6.6224         0.00     0.00     0.00
     7008  -26.166       0.0000      -5.6921         0.00     0.00     0.00
     7009  -26.353       0.0000      -4.7545         0.00     0.00     0.00
     7010  -26.505       0.0000      -3.8109         0.00     0.00     0.00
     7011  -26.625       0.0000      -2.8624         0.00     0.00     0.00
     7012  -26.710       0.0000      -1.9103         0.00     0.00     0.00
     7013  -26.761       0.0000     -0.95577         0.00     0.00     0.00
    12493   0.0000       0.0000       26.778         0.00     0.00     0.00
    12537  -26.761       0.0000      0.95577         0.00     0.00     0.00
    12538  -26.710       0.0000       1.9103         0.00     0.00     0.00
    12539  -26.625       0.0000       2.8624         0.00     0.00     0.00
    12540  -26.505       0.0000       3.8109         0.00     0.00     0.00
    12541  -26.353       0.0000       4.7545         0.00     0.00     0.00
    12542  -26.166       0.0000       5.6921         0.00     0.00     0.00
    12543  -25.946       0.0000       6.6224         0.00     0.00     0.00
    12544  -25.693       0.0000       7.5442         0.00     0.00     0.00
    12545  -25.408       0.0000       8.4565         0.00     0.00     0.00
    12546  -25.090       0.0000       9.3580         0.00     0.00     0.00

    NODE        X            Y            Z          THXY     THYZ     THZX
    12547  -24.740       0.0000       10.247         0.00     0.00     0.00
    12548  -24.358       0.0000       11.124         0.00     0.00     0.00
    12549  -23.946       0.0000       11.986         0.00     0.00     0.00
    12550  -23.502       0.0000       12.833         0.00     0.00     0.00
    12551  -23.029       0.0000       13.664         0.00     0.00     0.00
    12552  -22.527       0.0000       14.477         0.00     0.00     0.00
    12553  -21.996       0.0000       15.272         0.00     0.00     0.00
    12554  -21.437       0.0000       16.047         0.00     0.00     0.00
    12555  -20.850       0.0000       16.802         0.00     0.00     0.00
    12556  -20.237       0.0000       17.536         0.00     0.00     0.00
    12557  -19.599       0.0000       18.247         0.00     0.00     0.00
    12558  -18.935       0.0000       18.935         0.00     0.00     0.00
    12559  -18.247       0.0000       19.599         0.00     0.00     0.00
    12560  -17.536       0.0000       20.237         0.00     0.00     0.00
    12561  -16.802       0.0000       20.850         0.00     0.00     0.00
    12562  -16.047       0.0000       21.437         0.00     0.00     0.00
    12563  -15.272       0.0000       21.996         0.00     0.00     0.00
    12564  -14.477       0.0000       22.527         0.00     0.00     0.00
    12565  -13.664       0.0000       23.029         0.00     0.00     0.00
    12566  -12.833       0.0000       23.502         0.00     0.00     0.00

    NODE        X            Y            Z          THXY     THYZ     THZX
    12567  -11.986       0.0000       23.946         0.00     0.00     0.00
    12568  -11.124       0.0000       24.358         0.00     0.00     0.00
    12569  -10.247       0.0000       24.740         0.00     0.00     0.00
    12570  -9.3580       0.0000       25.090         0.00     0.00     0.00
    12571  -8.4565       0.0000       25.408         0.00     0.00     0.00
    12572  -7.5442       0.0000       25.693         0.00     0.00     0.00
    12573  -6.6224       0.0000       25.946         0.00     0.00     0.00
    12574  -5.6921       0.0000       26.166         0.00     0.00     0.00
    12575  -4.7545       0.0000       26.353         0.00     0.00     0.00
    12576  -3.8109       0.0000       26.505         0.00     0.00     0.00
    12577  -2.8624       0.0000       26.625         0.00     0.00     0.00
    12578  -1.9103       0.0000       26.710         0.00     0.00     0.00
    12579 -0.95577       0.0000       26.761         0.00     0.00     0.00
    18015  0.95577       0.0000       26.761         0.00     0.00     0.00
    18016   1.9103       0.0000       26.710         0.00     0.00     0.00
    18017   2.8624       0.0000       26.625         0.00     0.00     0.00
    18018   3.8109       0.0000       26.505         0.00     0.00     0.00
    18019   4.7545       0.0000       26.353         0.00     0.00     0.00
    18020   5.6921       0.0000       26.166         0.00     0.00     0.00
    18021   6.6224       0.0000       25.946         0.00     0.00     0.00

    NODE        X            Y            Z          THXY     THYZ     THZX
    18022   7.5442       0.0000       25.693         0.00     0.00     0.00
    18023   8.4565       0.0000       25.408         0.00     0.00     0.00
    18024   9.3580       0.0000       25.090         0.00     0.00     0.00
    18025   10.247       0.0000       24.740         0.00     0.00     0.00
    18026   11.124       0.0000       24.358         0.00     0.00     0.00
    18027   11.986       0.0000       23.946         0.00     0.00     0.00
    18028   12.833       0.0000       23.502         0.00     0.00     0.00
    18029   13.664       0.0000       23.029         0.00     0.00     0.00
    18030   14.477       0.0000       22.527         0.00     0.00     0.00
    18031   15.272       0.0000       21.996         0.00     0.00     0.00
    18032   16.047       0.0000       21.437         0.00     0.00     0.00
    18033   16.802       0.0000       20.850         0.00     0.00     0.00
    18034   17.536       0.0000       20.237         0.00     0.00     0.00
    18035   18.247       0.0000       19.599         0.00     0.00     0.00
    18036   18.935       0.0000       18.935         0.00     0.00     0.00
    18037   19.599       0.0000       18.247         0.00     0.00     0.00
    18038   20.237       0.0000       17.536         0.00     0.00     0.00
    18039   20.850       0.0000       16.802         0.00     0.00     0.00
    18040   21.437       0.0000       16.047         0.00     0.00     0.00
    18041   21.996       0.0000       15.272         0.00     0.00     0.00

    NODE        X            Y            Z          THXY     THYZ     THZX
    18042   22.527       0.0000       14.477         0.00     0.00     0.00
    18043   23.029       0.0000       13.664         0.00     0.00     0.00
    18044   23.502       0.0000       12.833         0.00     0.00     0.00
    18045   23.946       0.0000       11.986         0.00     0.00     0.00
    18046   24.358       0.0000       11.124         0.00     0.00     0.00
    18047   24.740       0.0000       10.247         0.00     0.00     0.00
    18048   25.090       0.0000       9.3580         0.00     0.00     0.00
    18049   25.408       0.0000       8.4565         0.00     0.00     0.00
    18050   25.693       0.0000       7.5442         0.00     0.00     0.00
    18051   25.946       0.0000       6.6224         0.00     0.00     0.00
    18052   26.166       0.0000       5.6921         0.00     0.00     0.00
    18053   26.353       0.0000       4.7545         0.00     0.00     0.00
    18054   26.505       0.0000       3.8109         0.00     0.00     0.00
    18055   26.625       0.0000       2.8624         0.00     0.00     0.00
    18056   26.710       0.0000       1.9103         0.00     0.00     0.00
    18057   26.761       0.0000      0.95577         0.00     0.00     0.00

