
 LIST ALL SELECTED NODES.   DSYS=      0

    NODE        X            Y            Z          THXY     THYZ     THZX
        1   18.278       0.0000       0.0000         0.00     0.00     0.00
        2   0.0000       0.0000      -18.278         0.00     0.00     0.00
        3   17.927       0.0000      -3.5659         0.00     0.00     0.00
        4   16.887       0.0000      -6.9947         0.00     0.00     0.00
        5   15.198       0.0000      -10.155         0.00     0.00     0.00
        6   12.924       0.0000      -12.924         0.00     0.00     0.00
        7   10.155       0.0000      -15.198         0.00     0.00     0.00
        8   6.9947       0.0000      -16.887         0.00     0.00     0.00
        9   3.5659       0.0000      -17.927         0.00     0.00     0.00
       10   0.0000      -42.750       0.0000         0.00     0.00     0.00
       11   0.0000      -6.3360      -18.363         0.00     0.00     0.00
       12   0.0000      -12.656      -17.905         0.00     0.00     0.00
       13   0.0000      -18.903      -16.844         0.00     0.00     0.00
       14   0.0000      -25.071      -15.388         0.00     0.00     0.00
       15   0.0000      -31.150      -13.602         0.00     0.00     0.00
       16   0.0000      -36.776      -10.723         0.00     0.00     0.00
       17   0.0000      -40.956      -6.0374         0.00     0.00     0.00
       18   18.363      -6.3360       0.0000         0.00     0.00     0.00
       19   17.905      -12.656       0.0000         0.00     0.00     0.00
       20   16.844      -18.903       0.0000         0.00     0.00     0.00

    NODE        X            Y            Z          THXY     THYZ     THZX
       21   15.388      -25.071       0.0000         0.00     0.00     0.00
       22   13.602      -31.150       0.0000         0.00     0.00     0.00
       23   10.723      -36.776       0.0000         0.00     0.00     0.00
       24   6.0374      -40.956       0.0000         0.00     0.00     0.00
       25   12.110      -17.499      -12.116         0.00     0.00     0.00
       26   13.004      -4.8768      -13.004         0.00     0.00     0.00
       27   12.864      -9.7016      -12.864         0.00     0.00     0.00
       28   12.514      -14.202      -12.515         0.00     0.00     0.00
       29   3.8581      -23.322      -15.349         0.00     0.00     0.00
       30   7.3960      -21.284      -14.542         0.00     0.00     0.00
       31   10.291      -19.153      -13.268         0.00     0.00     0.00
       32   15.340      -23.327      -3.8924         0.00     0.00     0.00
       33   14.523      -21.286      -7.4322         0.00     0.00     0.00
       34   13.254      -19.153      -10.308         0.00     0.00     0.00
       35   15.275      -5.0371      -10.238         0.00     0.00     0.00
       36   16.971      -5.4287      -7.0644         0.00     0.00     0.00
       37   18.017      -5.8905      -3.6034         0.00     0.00     0.00
       38   15.037      -10.070      -10.190         0.00     0.00     0.00
       39   16.668      -10.863      -7.0475         0.00     0.00     0.00
       40   17.641      -11.787      -3.5974         0.00     0.00     0.00

    NODE        X            Y            Z          THXY     THYZ     THZX
       41   14.403      -14.884      -10.105         0.00     0.00     0.00
       42   15.862      -16.208      -7.0840         0.00     0.00     0.00
       43   16.717      -17.617      -3.6310         0.00     0.00     0.00
       44   3.6209      -17.616      -16.720         0.00     0.00     0.00
       45   3.5957      -11.787      -17.642         0.00     0.00     0.00
       46   3.6034      -5.8905      -18.017         0.00     0.00     0.00
       47   7.0747      -16.207      -15.866         0.00     0.00     0.00
       48   7.0466      -10.863      -16.668         0.00     0.00     0.00
       49   7.0644      -5.4287      -16.971         0.00     0.00     0.00
       50   10.102      -14.884      -14.405         0.00     0.00     0.00
       51   10.190      -10.070      -15.037         0.00     0.00     0.00
       52   10.238      -5.0371      -15.275         0.00     0.00     0.00
       53   13.596      -28.911      -4.5728         0.00     0.00     0.00
       54   10.903      -34.243      -5.5941         0.00     0.00     0.00
       55   6.4110      -38.691      -6.4730         0.00     0.00     0.00
       56   12.581      -26.036      -8.4199         0.00     0.00     0.00
       57   9.7388      -30.473      -9.8383         0.00     0.00     0.00
       58   5.4957      -34.231      -10.959         0.00     0.00     0.00
       59   11.271      -22.737      -11.314         0.00     0.00     0.00
       60   8.3416      -26.031      -12.635         0.00     0.00     0.00

    NODE        X            Y            Z          THXY     THYZ     THZX
       61   4.4987      -28.901      -13.624         0.00     0.00     0.00
       62   0.0000       0.0000      -26.778         0.00     0.00     0.00
       63   0.0000      -49.250       0.0000         0.00     0.00     0.00
       64   0.0000      -7.7332      -26.269         0.00     0.00     0.00
       65   0.0000      -15.403      -25.143         0.00     0.00     0.00
       66   0.0000      -23.037      -23.795         0.00     0.00     0.00
       67   0.0000      -30.567      -21.963         0.00     0.00     0.00
       68   0.0000      -37.627      -18.807         0.00     0.00     0.00
       69   0.0000      -43.717      -14.040         0.00     0.00     0.00
       70   0.0000      -47.919      -7.5927         0.00     0.00     0.00
       71   26.778       0.0000       0.0000         0.00     0.00     0.00
       72   26.263       0.0000      -5.2241         0.00     0.00     0.00
       73   24.740       0.0000      -10.247         0.00     0.00     0.00
       74   22.265       0.0000      -14.877         0.00     0.00     0.00
       75   18.935       0.0000      -18.935         0.00     0.00     0.00
       76   14.877       0.0000      -22.265         0.00     0.00     0.00
       77   10.247       0.0000      -24.740         0.00     0.00     0.00
       78   5.2241       0.0000      -26.263         0.00     0.00     0.00
       79   26.269      -7.7332       0.0000         0.00     0.00     0.00
       80   25.143      -15.403       0.0000         0.00     0.00     0.00

    NODE        X            Y            Z          THXY     THYZ     THZX
       81   23.795      -23.037       0.0000         0.00     0.00     0.00
       82   21.963      -30.567       0.0000         0.00     0.00     0.00
       83   18.807      -37.627       0.0000         0.00     0.00     0.00
       84   14.040      -43.717       0.0000         0.00     0.00     0.00
       85   7.5927      -47.919       0.0000         0.00     0.00     0.00
       86   17.041      -21.381      -17.055         0.00     0.00     0.00
       87   5.4522      -28.560      -21.874         0.00     0.00     0.00
       88   10.455      -26.088      -20.657         0.00     0.00     0.00
       89   14.518      -23.443      -18.751         0.00     0.00     0.00
       90   18.700      -6.0205      -18.700         0.00     0.00     0.00
       91   18.178      -11.894      -18.178         0.00     0.00     0.00
       92   17.547      -17.346      -17.549         0.00     0.00     0.00
       93   21.860      -28.568      -5.5022         0.00     0.00     0.00
       94   20.626      -26.093      -10.512         0.00     0.00     0.00
       95   18.726      -23.443      -14.551         0.00     0.00     0.00
       96   6.2495      -35.351      -19.062         0.00     0.00     0.00
       97   7.2173      -41.372      -14.470         0.00     0.00     0.00
       98   7.9697      -45.967      -8.0421         0.00     0.00     0.00
       99   11.801      -32.013      -17.944         0.00     0.00     0.00
      100   13.366      -37.315      -13.496         0.00     0.00     0.00

    NODE        X            Y            Z          THXY     THYZ     THZX
      101   14.396      -41.389      -7.3329         0.00     0.00     0.00
      102   16.024      -27.923      -16.093         0.00     0.00     0.00
      103   17.866      -32.021      -11.913         0.00     0.00     0.00
      104   19.021      -35.369      -6.3460         0.00     0.00     0.00
      105   14.724      -6.2167      -21.946         0.00     0.00     0.00
      106   10.153      -6.6928      -24.349         0.00     0.00     0.00
      107   5.1744      -7.2406      -25.810         0.00     0.00     0.00
      108   14.391      -12.343      -21.219         0.00     0.00     0.00
      109   9.9346      -13.303      -23.471         0.00     0.00     0.00
      110   5.0608      -14.405      -24.797         0.00     0.00     0.00
      111   14.159      -18.183      -20.208         0.00     0.00     0.00
      112   9.9157      -19.806      -22.287         0.00     0.00     0.00
      113   5.0772      -21.511      -23.544         0.00     0.00     0.00
      114   23.540      -21.513      -5.0929         0.00     0.00     0.00
      115   24.797      -14.405      -5.0638         0.00     0.00     0.00
      116   25.810      -7.2406      -5.1744         0.00     0.00     0.00
      117   22.279      -19.807      -9.9329         0.00     0.00     0.00
      118   23.470      -13.304      -9.9370         0.00     0.00     0.00
      119   24.349      -6.6928      -10.153         0.00     0.00     0.00
      120   20.202      -18.183      -14.167         0.00     0.00     0.00

    NODE        X            Y            Z          THXY     THYZ     THZX
      121   21.219      -12.343      -14.392         0.00     0.00     0.00
      122   21.946      -6.2167      -14.724         0.00     0.00     0.00
      123   22.528       0.0000       0.0000         0.00     0.00     0.00
      124   0.0000       0.0000      -22.528         0.00     0.00     0.00
      125   22.095       0.0000      -4.3950         0.00     0.00     0.00
      126   20.813       0.0000      -8.6211         0.00     0.00     0.00
      127   18.731       0.0000      -12.516         0.00     0.00     0.00
      128   15.930       0.0000      -15.930         0.00     0.00     0.00
      129   12.516       0.0000      -18.731         0.00     0.00     0.00
      130   8.6211       0.0000      -20.813         0.00     0.00     0.00
      131   4.3950       0.0000      -22.095         0.00     0.00     0.00
      132   0.0000      -46.000       0.0000         0.00     0.00     0.00
      133   22.316      -7.0347       0.0000         0.00     0.00     0.00
      134   21.524      -14.029       0.0000         0.00     0.00     0.00
      135   20.319      -20.970       0.0000         0.00     0.00     0.00
      136   18.675      -27.819       0.0000         0.00     0.00     0.00
      137   16.203      -34.388       0.0000         0.00     0.00     0.00
      138   12.380      -40.245       0.0000         0.00     0.00     0.00
      139   6.8147      -44.437       0.0000         0.00     0.00     0.00
      140   0.0000      -7.0347      -22.316         0.00     0.00     0.00

    NODE        X            Y            Z          THXY     THYZ     THZX
      141   0.0000      -14.029      -21.524         0.00     0.00     0.00
      142   0.0000      -20.970      -20.319         0.00     0.00     0.00
      143   0.0000      -27.819      -18.675         0.00     0.00     0.00
      144   0.0000      -34.388      -16.203         0.00     0.00     0.00
      145   0.0000      -40.245      -12.380         0.00     0.00     0.00
      146   0.0000      -44.437      -6.8147         0.00     0.00     0.00
      147   14.263      -19.399      -14.279         0.00     0.00     0.00
      148   17.988      -25.713      -4.6175         0.00     0.00     0.00
      149   16.934      -23.454      -8.8045         0.00     0.00     0.00
      150   15.521      -21.165      -12.173         0.00     0.00     0.00
      151   4.5854      -25.709      -18.002         0.00     0.00     0.00
      152   8.7652      -23.451      -16.958         0.00     0.00     0.00
      153   12.145      -21.164      -15.544         0.00     0.00     0.00
      154   15.541      -5.5290      -15.542         0.00     0.00     0.00
      155   15.156      -10.912      -15.159         0.00     0.00     0.00
      156   14.694      -15.820      -14.701         0.00     0.00     0.00
      157   19.640      -19.464      -4.3326         0.00     0.00     0.00
      158   20.780      -13.051      -4.2748         0.00     0.00     0.00
      159   21.542      -6.5477      -4.3161         0.00     0.00     0.00
      160   18.510      -17.923      -8.3990         0.00     0.00     0.00

    NODE        X            Y            Z          THXY     THYZ     THZX
      161   19.551      -12.079      -8.3542         0.00     0.00     0.00
      162   20.241      -6.0716      -8.4571         0.00     0.00     0.00
      163   16.825      -16.538      -11.923         0.00     0.00     0.00
      164   17.664      -11.269      -12.038         0.00     0.00     0.00
      165   18.230      -5.6862      -12.249         0.00     0.00     0.00
      166   5.1383      -31.646      -15.530         0.00     0.00     0.00
      167   5.8502      -36.981      -11.785         0.00     0.00     0.00
      168   6.4628      -41.250      -6.5037         0.00     0.00     0.00
      169   9.6646      -28.548      -14.522         0.00     0.00     0.00
      170   10.801      -33.142      -10.877         0.00     0.00     0.00
      171   11.738      -36.987      -5.9149         0.00     0.00     0.00
      172   13.175      -25.013      -13.222         0.00     0.00     0.00
      173   14.471      -28.552      -9.7328         0.00     0.00     0.00
      174   15.500      -31.653      -5.1942         0.00     0.00     0.00
      175   12.249      -5.6862      -18.230         0.00     0.00     0.00
      176   8.4561      -6.0715      -20.241         0.00     0.00     0.00
      177   4.3153      -6.5476      -21.542         0.00     0.00     0.00
      178   12.035      -11.269      -17.666         0.00     0.00     0.00
      179   8.3498      -12.079      -19.554         0.00     0.00     0.00
      180   4.2710      -13.051      -20.782         0.00     0.00     0.00

    NODE        X            Y            Z          THXY     THYZ     THZX
      181   11.912      -16.538      -16.833         0.00     0.00     0.00
      182   8.3833      -17.922      -18.518         0.00     0.00     0.00
      183   4.3197      -19.462      -19.645         0.00     0.00     0.00
      184  -18.278       0.0000       0.0000         0.00     0.00     0.00
      185  -3.5659       0.0000      -17.927         0.00     0.00     0.00
      186  -6.9947       0.0000      -16.887         0.00     0.00     0.00
      187  -10.155       0.0000      -15.198         0.00     0.00     0.00
      188  -12.924       0.0000      -12.924         0.00     0.00     0.00
      189  -15.198       0.0000      -10.155         0.00     0.00     0.00
      190  -16.887       0.0000      -6.9947         0.00     0.00     0.00
      191  -17.927       0.0000      -3.5659         0.00     0.00     0.00
      192  -18.363      -6.3360       0.0000         0.00     0.00     0.00
      193  -17.905      -12.656       0.0000         0.00     0.00     0.00
      194  -16.844      -18.903       0.0000         0.00     0.00     0.00
      195  -15.388      -25.071       0.0000         0.00     0.00     0.00
      196  -13.602      -31.150       0.0000         0.00     0.00     0.00
      197  -10.723      -36.776       0.0000         0.00     0.00     0.00
      198  -6.0374      -40.956       0.0000         0.00     0.00     0.00
      199  -12.116      -17.499      -12.110         0.00     0.00     0.00
      200  -13.004      -4.8768      -13.004         0.00     0.00     0.00

    NODE        X            Y            Z          THXY     THYZ     THZX
      201  -12.864      -9.7016      -12.864         0.00     0.00     0.00
      202  -12.515      -14.202      -12.514         0.00     0.00     0.00
      203  -15.349      -23.322      -3.8581         0.00     0.00     0.00
      204  -14.542      -21.284      -7.3960         0.00     0.00     0.00
      205  -13.268      -19.153      -10.291         0.00     0.00     0.00
      206  -3.8924      -23.327      -15.340         0.00     0.00     0.00
      207  -7.4322      -21.286      -14.523         0.00     0.00     0.00
      208  -10.308      -19.153      -13.254         0.00     0.00     0.00
      209  -10.238      -5.0371      -15.275         0.00     0.00     0.00
      210  -7.0644      -5.4287      -16.971         0.00     0.00     0.00
      211  -3.6034      -5.8905      -18.017         0.00     0.00     0.00
      212  -10.190      -10.070      -15.037         0.00     0.00     0.00
      213  -7.0475      -10.863      -16.668         0.00     0.00     0.00
      214  -3.5974      -11.787      -17.641         0.00     0.00     0.00
      215  -10.105      -14.884      -14.403         0.00     0.00     0.00
      216  -7.0840      -16.208      -15.862         0.00     0.00     0.00
      217  -3.6310      -17.617      -16.717         0.00     0.00     0.00
      218  -16.720      -17.616      -3.6209         0.00     0.00     0.00
      219  -17.642      -11.787      -3.5957         0.00     0.00     0.00
      220  -18.017      -5.8905      -3.6034         0.00     0.00     0.00

    NODE        X            Y            Z          THXY     THYZ     THZX
      221  -15.866      -16.207      -7.0747         0.00     0.00     0.00
      222  -16.668      -10.863      -7.0466         0.00     0.00     0.00
      223  -16.971      -5.4287      -7.0644         0.00     0.00     0.00
      224  -14.405      -14.884      -10.102         0.00     0.00     0.00
      225  -15.037      -10.070      -10.190         0.00     0.00     0.00
      226  -15.275      -5.0371      -10.238         0.00     0.00     0.00
      227  -4.5728      -28.911      -13.596         0.00     0.00     0.00
      228  -5.5941      -34.243      -10.903         0.00     0.00     0.00
      229  -6.4730      -38.691      -6.4110         0.00     0.00     0.00
      230  -8.4199      -26.036      -12.581         0.00     0.00     0.00
      231  -9.8383      -30.473      -9.7388         0.00     0.00     0.00
      232  -10.959      -34.231      -5.4957         0.00     0.00     0.00
      233  -11.314      -22.737      -11.271         0.00     0.00     0.00
      234  -12.635      -26.031      -8.3416         0.00     0.00     0.00
      235  -13.624      -28.901      -4.4987         0.00     0.00     0.00
      236  -26.778       0.0000       0.0000         0.00     0.00     0.00
      237  -26.269      -7.7332       0.0000         0.00     0.00     0.00
      238  -25.143      -15.403       0.0000         0.00     0.00     0.00
      239  -23.795      -23.037       0.0000         0.00     0.00     0.00
      240  -21.963      -30.567       0.0000         0.00     0.00     0.00

    NODE        X            Y            Z          THXY     THYZ     THZX
      241  -18.807      -37.627       0.0000         0.00     0.00     0.00
      242  -14.040      -43.717       0.0000         0.00     0.00     0.00
      243  -7.5927      -47.919       0.0000         0.00     0.00     0.00
      244  -5.2241       0.0000      -26.263         0.00     0.00     0.00
      245  -10.247       0.0000      -24.740         0.00     0.00     0.00
      246  -14.877       0.0000      -22.265         0.00     0.00     0.00
      247  -18.935       0.0000      -18.935         0.00     0.00     0.00
      248  -22.265       0.0000      -14.877         0.00     0.00     0.00
      249  -24.740       0.0000      -10.247         0.00     0.00     0.00
      250  -26.263       0.0000      -5.2241         0.00     0.00     0.00
      251  -17.055      -21.381      -17.041         0.00     0.00     0.00
      252  -21.874      -28.560      -5.4522         0.00     0.00     0.00
      253  -20.657      -26.088      -10.455         0.00     0.00     0.00
      254  -18.751      -23.443      -14.518         0.00     0.00     0.00
      255  -18.700      -6.0205      -18.700         0.00     0.00     0.00
      256  -18.178      -11.894      -18.178         0.00     0.00     0.00
      257  -17.549      -17.346      -17.547         0.00     0.00     0.00
      258  -5.5022      -28.568      -21.860         0.00     0.00     0.00
      259  -10.512      -26.093      -20.626         0.00     0.00     0.00
      260  -14.551      -23.443      -18.726         0.00     0.00     0.00

    NODE        X            Y            Z          THXY     THYZ     THZX
      261  -19.062      -35.351      -6.2495         0.00     0.00     0.00
      262  -14.470      -41.372      -7.2173         0.00     0.00     0.00
      263  -8.0421      -45.967      -7.9697         0.00     0.00     0.00
      264  -17.944      -32.013      -11.801         0.00     0.00     0.00
      265  -13.496      -37.315      -13.366         0.00     0.00     0.00
      266  -7.3329      -41.389      -14.396         0.00     0.00     0.00
      267  -16.093      -27.923      -16.024         0.00     0.00     0.00
      268  -11.913      -32.021      -17.866         0.00     0.00     0.00
      269  -6.3460      -35.369      -19.021         0.00     0.00     0.00
      270  -21.946      -6.2167      -14.724         0.00     0.00     0.00
      271  -24.349      -6.6928      -10.153         0.00     0.00     0.00
      272  -25.810      -7.2406      -5.1744         0.00     0.00     0.00
      273  -21.219      -12.343      -14.391         0.00     0.00     0.00
      274  -23.471      -13.303      -9.9346         0.00     0.00     0.00
      275  -24.797      -14.405      -5.0608         0.00     0.00     0.00
      276  -20.208      -18.183      -14.159         0.00     0.00     0.00
      277  -22.287      -19.806      -9.9157         0.00     0.00     0.00
      278  -23.544      -21.511      -5.0772         0.00     0.00     0.00
      279  -5.0929      -21.513      -23.540         0.00     0.00     0.00
      280  -5.0638      -14.405      -24.797         0.00     0.00     0.00

    NODE        X            Y            Z          THXY     THYZ     THZX
      281  -5.1744      -7.2406      -25.810         0.00     0.00     0.00
      282  -9.9329      -19.807      -22.279         0.00     0.00     0.00
      283  -9.9370      -13.304      -23.470         0.00     0.00     0.00
      284  -10.153      -6.6928      -24.349         0.00     0.00     0.00
      285  -14.167      -18.183      -20.202         0.00     0.00     0.00
      286  -14.392      -12.343      -21.219         0.00     0.00     0.00
      287  -14.724      -6.2167      -21.946         0.00     0.00     0.00
      288  -22.528       0.0000       0.0000         0.00     0.00     0.00
      289  -4.3950       0.0000      -22.095         0.00     0.00     0.00
      290  -8.6211       0.0000      -20.813         0.00     0.00     0.00
      291  -12.516       0.0000      -18.731         0.00     0.00     0.00
      292  -15.930       0.0000      -15.930         0.00     0.00     0.00
      293  -18.731       0.0000      -12.516         0.00     0.00     0.00
      294  -20.813       0.0000      -8.6211         0.00     0.00     0.00
      295  -22.095       0.0000      -4.3950         0.00     0.00     0.00
      296  -22.316      -7.0347       0.0000         0.00     0.00     0.00
      297  -21.524      -14.029       0.0000         0.00     0.00     0.00
      298  -20.319      -20.970       0.0000         0.00     0.00     0.00
      299  -18.675      -27.819       0.0000         0.00     0.00     0.00
      300  -16.203      -34.388       0.0000         0.00     0.00     0.00

    NODE        X            Y            Z          THXY     THYZ     THZX
      301  -12.380      -40.245       0.0000         0.00     0.00     0.00
      302  -6.8147      -44.437       0.0000         0.00     0.00     0.00
      303  -14.279      -19.399      -14.263         0.00     0.00     0.00
      304  -4.6175      -25.713      -17.988         0.00     0.00     0.00
      305  -8.8045      -23.454      -16.934         0.00     0.00     0.00
      306  -12.173      -21.165      -15.521         0.00     0.00     0.00
      307  -18.002      -25.709      -4.5854         0.00     0.00     0.00
      308  -16.958      -23.451      -8.7652         0.00     0.00     0.00
      309  -15.544      -21.164      -12.145         0.00     0.00     0.00
      310  -15.542      -5.5290      -15.541         0.00     0.00     0.00
      311  -15.159      -10.912      -15.156         0.00     0.00     0.00
      312  -14.701      -15.820      -14.694         0.00     0.00     0.00
      313  -4.3326      -19.464      -19.640         0.00     0.00     0.00
      314  -4.2748      -13.051      -20.780         0.00     0.00     0.00
      315  -4.3161      -6.5477      -21.542         0.00     0.00     0.00
      316  -8.3990      -17.923      -18.510         0.00     0.00     0.00
      317  -8.3542      -12.079      -19.551         0.00     0.00     0.00
      318  -8.4571      -6.0716      -20.241         0.00     0.00     0.00
      319  -11.923      -16.538      -16.825         0.00     0.00     0.00
      320  -12.038      -11.269      -17.664         0.00     0.00     0.00

    NODE        X            Y            Z          THXY     THYZ     THZX
      321  -12.249      -5.6862      -18.230         0.00     0.00     0.00
      322  -15.530      -31.646      -5.1383         0.00     0.00     0.00
      323  -11.785      -36.981      -5.8502         0.00     0.00     0.00
      324  -6.5037      -41.250      -6.4628         0.00     0.00     0.00
      325  -14.522      -28.548      -9.6646         0.00     0.00     0.00
      326  -10.877      -33.142      -10.801         0.00     0.00     0.00
      327  -5.9149      -36.987      -11.738         0.00     0.00     0.00
      328  -13.222      -25.013      -13.175         0.00     0.00     0.00
      329  -9.7328      -28.552      -14.471         0.00     0.00     0.00
      330  -5.1942      -31.653      -15.500         0.00     0.00     0.00
      331  -18.230      -5.6862      -12.249         0.00     0.00     0.00
      332  -20.241      -6.0715      -8.4561         0.00     0.00     0.00
      333  -21.542      -6.5476      -4.3153         0.00     0.00     0.00
      334  -17.666      -11.269      -12.035         0.00     0.00     0.00
      335  -19.554      -12.079      -8.3498         0.00     0.00     0.00
      336  -20.782      -13.051      -4.2710         0.00     0.00     0.00
      337  -16.833      -16.538      -11.912         0.00     0.00     0.00
      338  -18.518      -17.922      -8.3833         0.00     0.00     0.00
      339  -19.645      -19.462      -4.3197         0.00     0.00     0.00
      340   0.0000       0.0000       18.278         0.00     0.00     0.00

    NODE        X            Y            Z          THXY     THYZ     THZX
      341  -17.927       0.0000       3.5659         0.00     0.00     0.00
      342  -16.887       0.0000       6.9947         0.00     0.00     0.00
      343  -15.198       0.0000       10.155         0.00     0.00     0.00
      344  -12.924       0.0000       12.924         0.00     0.00     0.00
      345  -10.155       0.0000       15.198         0.00     0.00     0.00
      346  -6.9947       0.0000       16.887         0.00     0.00     0.00
      347  -3.5659       0.0000       17.927         0.00     0.00     0.00
      348   0.0000      -6.3360       18.363         0.00     0.00     0.00
      349   0.0000      -12.656       17.905         0.00     0.00     0.00
      350   0.0000      -18.903       16.844         0.00     0.00     0.00
      351   0.0000      -25.071       15.388         0.00     0.00     0.00
      352   0.0000      -31.150       13.602         0.00     0.00     0.00
      353   0.0000      -36.776       10.723         0.00     0.00     0.00
      354   0.0000      -40.956       6.0374         0.00     0.00     0.00
      355  -12.110      -17.499       12.116         0.00     0.00     0.00
      356  -13.004      -4.8768       13.004         0.00     0.00     0.00
      357  -12.864      -9.7016       12.864         0.00     0.00     0.00
      358  -12.514      -14.202       12.515         0.00     0.00     0.00
      359  -3.8581      -23.322       15.349         0.00     0.00     0.00
      360  -7.3960      -21.284       14.542         0.00     0.00     0.00

    NODE        X            Y            Z          THXY     THYZ     THZX
      361  -10.291      -19.153       13.268         0.00     0.00     0.00
      362  -15.340      -23.327       3.8924         0.00     0.00     0.00
      363  -14.523      -21.286       7.4322         0.00     0.00     0.00
      364  -13.254      -19.153       10.308         0.00     0.00     0.00
      365  -15.275      -5.0371       10.238         0.00     0.00     0.00
      366  -16.971      -5.4287       7.0644         0.00     0.00     0.00
      367  -18.017      -5.8905       3.6034         0.00     0.00     0.00
      368  -15.037      -10.070       10.190         0.00     0.00     0.00
      369  -16.668      -10.863       7.0475         0.00     0.00     0.00
      370  -17.641      -11.787       3.5974         0.00     0.00     0.00
      371  -14.403      -14.884       10.105         0.00     0.00     0.00
      372  -15.862      -16.208       7.0840         0.00     0.00     0.00
      373  -16.717      -17.617       3.6310         0.00     0.00     0.00
      374  -3.6209      -17.616       16.720         0.00     0.00     0.00
      375  -3.5957      -11.787       17.642         0.00     0.00     0.00
      376  -3.6034      -5.8905       18.017         0.00     0.00     0.00
      377  -7.0747      -16.207       15.866         0.00     0.00     0.00
      378  -7.0466      -10.863       16.668         0.00     0.00     0.00
      379  -7.0644      -5.4287       16.971         0.00     0.00     0.00
      380  -10.102      -14.884       14.405         0.00     0.00     0.00

    NODE        X            Y            Z          THXY     THYZ     THZX
      381  -10.190      -10.070       15.037         0.00     0.00     0.00
      382  -10.238      -5.0371       15.275         0.00     0.00     0.00
      383  -13.596      -28.911       4.5728         0.00     0.00     0.00
      384  -10.903      -34.243       5.5941         0.00     0.00     0.00
      385  -6.4110      -38.691       6.4730         0.00     0.00     0.00
      386  -12.581      -26.036       8.4199         0.00     0.00     0.00
      387  -9.7388      -30.473       9.8383         0.00     0.00     0.00
      388  -5.4957      -34.231       10.959         0.00     0.00     0.00
      389  -11.271      -22.737       11.314         0.00     0.00     0.00
      390  -8.3416      -26.031       12.635         0.00     0.00     0.00
      391  -4.4987      -28.901       13.624         0.00     0.00     0.00
      392   0.0000       0.0000       26.778         0.00     0.00     0.00
      393   0.0000      -7.7332       26.269         0.00     0.00     0.00
      394   0.0000      -15.403       25.143         0.00     0.00     0.00
      395   0.0000      -23.037       23.795         0.00     0.00     0.00
      396   0.0000      -30.567       21.963         0.00     0.00     0.00
      397   0.0000      -37.627       18.807         0.00     0.00     0.00
      398   0.0000      -43.717       14.040         0.00     0.00     0.00
      399   0.0000      -47.919       7.5927         0.00     0.00     0.00
      400  -26.263       0.0000       5.2241         0.00     0.00     0.00

    NODE        X            Y            Z          THXY     THYZ     THZX
      401  -24.740       0.0000       10.247         0.00     0.00     0.00
      402  -22.265       0.0000       14.877         0.00     0.00     0.00
      403  -18.935       0.0000       18.935         0.00     0.00     0.00
      404  -14.877       0.0000       22.265         0.00     0.00     0.00
      405  -10.247       0.0000       24.740         0.00     0.00     0.00
      406  -5.2241       0.0000       26.263         0.00     0.00     0.00
      407  -17.041      -21.381       17.055         0.00     0.00     0.00
      408  -5.4522      -28.560       21.874         0.00     0.00     0.00
      409  -10.455      -26.088       20.657         0.00     0.00     0.00
      410  -14.518      -23.443       18.751         0.00     0.00     0.00
      411  -18.700      -6.0205       18.700         0.00     0.00     0.00
      412  -18.178      -11.894       18.178         0.00     0.00     0.00
      413  -17.547      -17.346       17.549         0.00     0.00     0.00
      414  -21.860      -28.568       5.5022         0.00     0.00     0.00
      415  -20.626      -26.093       10.512         0.00     0.00     0.00
      416  -18.726      -23.443       14.551         0.00     0.00     0.00
      417  -6.2495      -35.351       19.062         0.00     0.00     0.00
      418  -7.2173      -41.372       14.470         0.00     0.00     0.00
      419  -7.9697      -45.967       8.0421         0.00     0.00     0.00
      420  -11.801      -32.013       17.944         0.00     0.00     0.00

    NODE        X            Y            Z          THXY     THYZ     THZX
      421  -13.366      -37.315       13.496         0.00     0.00     0.00
      422  -14.396      -41.389       7.3329         0.00     0.00     0.00
      423  -16.024      -27.923       16.093         0.00     0.00     0.00
      424  -17.866      -32.021       11.913         0.00     0.00     0.00
      425  -19.021      -35.369       6.3460         0.00     0.00     0.00
      426  -14.724      -6.2167       21.946         0.00     0.00     0.00
      427  -10.153      -6.6928       24.349         0.00     0.00     0.00
      428  -5.1744      -7.2406       25.810         0.00     0.00     0.00
      429  -14.391      -12.343       21.219         0.00     0.00     0.00
      430  -9.9346      -13.303       23.471         0.00     0.00     0.00
      431  -5.0608      -14.405       24.797         0.00     0.00     0.00
      432  -14.159      -18.183       20.208         0.00     0.00     0.00
      433  -9.9157      -19.806       22.287         0.00     0.00     0.00
      434  -5.0772      -21.511       23.544         0.00     0.00     0.00
      435  -23.540      -21.513       5.0929         0.00     0.00     0.00
      436  -24.797      -14.405       5.0638         0.00     0.00     0.00
      437  -25.810      -7.2406       5.1744         0.00     0.00     0.00
      438  -22.279      -19.807       9.9329         0.00     0.00     0.00
      439  -23.470      -13.304       9.9370         0.00     0.00     0.00
      440  -24.349      -6.6928       10.153         0.00     0.00     0.00

    NODE        X            Y            Z          THXY     THYZ     THZX
      441  -20.202      -18.183       14.167         0.00     0.00     0.00
      442  -21.219      -12.343       14.392         0.00     0.00     0.00
      443  -21.946      -6.2167       14.724         0.00     0.00     0.00
      444   0.0000       0.0000       22.528         0.00     0.00     0.00
      445  -22.095       0.0000       4.3950         0.00     0.00     0.00
      446  -20.813       0.0000       8.6211         0.00     0.00     0.00
      447  -18.731       0.0000       12.516         0.00     0.00     0.00
      448  -15.930       0.0000       15.930         0.00     0.00     0.00
      449  -12.516       0.0000       18.731         0.00     0.00     0.00
      450  -8.6211       0.0000       20.813         0.00     0.00     0.00
      451  -4.3950       0.0000       22.095         0.00     0.00     0.00
      452   0.0000      -7.0347       22.316         0.00     0.00     0.00
      453   0.0000      -14.029       21.524         0.00     0.00     0.00
      454   0.0000      -20.970       20.319         0.00     0.00     0.00
      455   0.0000      -27.819       18.675         0.00     0.00     0.00
      456   0.0000      -34.388       16.203         0.00     0.00     0.00
      457   0.0000      -40.245       12.380         0.00     0.00     0.00
      458   0.0000      -44.437       6.8147         0.00     0.00     0.00
      459  -14.263      -19.399       14.279         0.00     0.00     0.00
      460  -17.988      -25.713       4.6175         0.00     0.00     0.00

    NODE        X            Y            Z          THXY     THYZ     THZX
      461  -16.934      -23.454       8.8045         0.00     0.00     0.00
      462  -15.521      -21.165       12.173         0.00     0.00     0.00
      463  -4.5854      -25.709       18.002         0.00     0.00     0.00
      464  -8.7652      -23.451       16.958         0.00     0.00     0.00
      465  -12.145      -21.164       15.544         0.00     0.00     0.00
      466  -15.541      -5.5290       15.542         0.00     0.00     0.00
      467  -15.156      -10.912       15.159         0.00     0.00     0.00
      468  -14.694      -15.820       14.701         0.00     0.00     0.00
      469  -19.640      -19.464       4.3326         0.00     0.00     0.00
      470  -20.780      -13.051       4.2748         0.00     0.00     0.00
      471  -21.542      -6.5477       4.3161         0.00     0.00     0.00
      472  -18.510      -17.923       8.3990         0.00     0.00     0.00
      473  -19.551      -12.079       8.3542         0.00     0.00     0.00
      474  -20.241      -6.0716       8.4571         0.00     0.00     0.00
      475  -16.825      -16.538       11.923         0.00     0.00     0.00
      476  -17.664      -11.269       12.038         0.00     0.00     0.00
      477  -18.230      -5.6862       12.249         0.00     0.00     0.00
      478  -5.1383      -31.646       15.530         0.00     0.00     0.00
      479  -5.8502      -36.981       11.785         0.00     0.00     0.00
      480  -6.4628      -41.250       6.5037         0.00     0.00     0.00

    NODE        X            Y            Z          THXY     THYZ     THZX
      481  -9.6646      -28.548       14.522         0.00     0.00     0.00
      482  -10.801      -33.142       10.877         0.00     0.00     0.00
      483  -11.738      -36.987       5.9149         0.00     0.00     0.00
      484  -13.175      -25.013       13.222         0.00     0.00     0.00
      485  -14.471      -28.552       9.7328         0.00     0.00     0.00
      486  -15.500      -31.653       5.1942         0.00     0.00     0.00
      487  -12.249      -5.6862       18.230         0.00     0.00     0.00
      488  -8.4561      -6.0715       20.241         0.00     0.00     0.00
      489  -4.3153      -6.5476       21.542         0.00     0.00     0.00
      490  -12.035      -11.269       17.666         0.00     0.00     0.00
      491  -8.3498      -12.079       19.554         0.00     0.00     0.00
      492  -4.2710      -13.051       20.782         0.00     0.00     0.00
      493  -11.912      -16.538       16.833         0.00     0.00     0.00
      494  -8.3833      -17.922       18.518         0.00     0.00     0.00
      495  -4.3197      -19.462       19.645         0.00     0.00     0.00
      496   3.5659       0.0000       17.927         0.00     0.00     0.00
      497   6.9947       0.0000       16.887         0.00     0.00     0.00
      498   10.155       0.0000       15.198         0.00     0.00     0.00
      499   12.924       0.0000       12.924         0.00     0.00     0.00
      500   15.198       0.0000       10.155         0.00     0.00     0.00

    NODE        X            Y            Z          THXY     THYZ     THZX
      501   16.887       0.0000       6.9947         0.00     0.00     0.00
      502   17.927       0.0000       3.5659         0.00     0.00     0.00
      503   12.110      -17.499       12.116         0.00     0.00     0.00
      504   13.004      -4.8768       13.004         0.00     0.00     0.00
      505   12.864      -9.7016       12.864         0.00     0.00     0.00
      506   12.514      -14.202       12.515         0.00     0.00     0.00
      507   15.340      -23.327       3.8924         0.00     0.00     0.00
      508   14.523      -21.286       7.4322         0.00     0.00     0.00
      509   13.254      -19.153       10.308         0.00     0.00     0.00
      510   3.8581      -23.322       15.349         0.00     0.00     0.00
      511   7.3960      -21.284       14.542         0.00     0.00     0.00
      512   10.291      -19.153       13.268         0.00     0.00     0.00
      513   10.238      -5.0371       15.275         0.00     0.00     0.00
      514   7.0644      -5.4287       16.971         0.00     0.00     0.00
      515   3.6034      -5.8905       18.017         0.00     0.00     0.00
      516   10.190      -10.070       15.037         0.00     0.00     0.00
      517   7.0466      -10.863       16.668         0.00     0.00     0.00
      518   3.5957      -11.787       17.642         0.00     0.00     0.00
      519   10.102      -14.884       14.405         0.00     0.00     0.00
      520   7.0747      -16.207       15.866         0.00     0.00     0.00

    NODE        X            Y            Z          THXY     THYZ     THZX
      521   3.6209      -17.616       16.720         0.00     0.00     0.00
      522   16.717      -17.617       3.6310         0.00     0.00     0.00
      523   17.641      -11.787       3.5974         0.00     0.00     0.00
      524   18.017      -5.8905       3.6034         0.00     0.00     0.00
      525   15.862      -16.208       7.0840         0.00     0.00     0.00
      526   16.668      -10.863       7.0475         0.00     0.00     0.00
      527   16.971      -5.4287       7.0644         0.00     0.00     0.00
      528   14.403      -14.884       10.105         0.00     0.00     0.00
      529   15.037      -10.070       10.190         0.00     0.00     0.00
      530   15.275      -5.0371       10.238         0.00     0.00     0.00
      531   4.4987      -28.901       13.624         0.00     0.00     0.00
      532   5.4957      -34.231       10.959         0.00     0.00     0.00
      533   6.4110      -38.691       6.4730         0.00     0.00     0.00
      534   8.3416      -26.031       12.635         0.00     0.00     0.00
      535   9.7388      -30.473       9.8383         0.00     0.00     0.00
      536   10.903      -34.243       5.5941         0.00     0.00     0.00
      537   11.271      -22.737       11.314         0.00     0.00     0.00
      538   12.581      -26.036       8.4199         0.00     0.00     0.00
      539   13.596      -28.911       4.5728         0.00     0.00     0.00
      540   5.2241       0.0000       26.263         0.00     0.00     0.00

    NODE        X            Y            Z          THXY     THYZ     THZX
      541   10.247       0.0000       24.740         0.00     0.00     0.00
      542   14.877       0.0000       22.265         0.00     0.00     0.00
      543   18.935       0.0000       18.935         0.00     0.00     0.00
      544   22.265       0.0000       14.877         0.00     0.00     0.00
      545   24.740       0.0000       10.247         0.00     0.00     0.00
      546   26.263       0.0000       5.2241         0.00     0.00     0.00
      547   17.041      -21.381       17.055         0.00     0.00     0.00
      548   21.860      -28.568       5.5022         0.00     0.00     0.00
      549   20.626      -26.093       10.512         0.00     0.00     0.00
      550   18.726      -23.443       14.551         0.00     0.00     0.00
      551   18.700      -6.0205       18.700         0.00     0.00     0.00
      552   18.178      -11.894       18.178         0.00     0.00     0.00
      553   17.547      -17.346       17.549         0.00     0.00     0.00
      554   5.4522      -28.560       21.874         0.00     0.00     0.00
      555   10.455      -26.088       20.657         0.00     0.00     0.00
      556   14.518      -23.443       18.751         0.00     0.00     0.00
      557   19.021      -35.369       6.3460         0.00     0.00     0.00
      558   14.396      -41.389       7.3329         0.00     0.00     0.00
      559   7.9697      -45.967       8.0421         0.00     0.00     0.00
      560   17.866      -32.021       11.913         0.00     0.00     0.00

    NODE        X            Y            Z          THXY     THYZ     THZX
      561   13.366      -37.315       13.496         0.00     0.00     0.00
      562   7.2173      -41.372       14.470         0.00     0.00     0.00
      563   16.024      -27.923       16.093         0.00     0.00     0.00
      564   11.801      -32.013       17.944         0.00     0.00     0.00
      565   6.2495      -35.351       19.062         0.00     0.00     0.00
      566   21.946      -6.2167       14.724         0.00     0.00     0.00
      567   24.349      -6.6928       10.153         0.00     0.00     0.00
      568   25.810      -7.2406       5.1744         0.00     0.00     0.00
      569   21.219      -12.343       14.392         0.00     0.00     0.00
      570   23.470      -13.304       9.9370         0.00     0.00     0.00
      571   24.797      -14.405       5.0638         0.00     0.00     0.00
      572   20.202      -18.183       14.167         0.00     0.00     0.00
      573   22.279      -19.807       9.9329         0.00     0.00     0.00
      574   23.540      -21.513       5.0929         0.00     0.00     0.00
      575   5.0772      -21.511       23.544         0.00     0.00     0.00
      576   5.0608      -14.405       24.797         0.00     0.00     0.00
      577   5.1744      -7.2406       25.810         0.00     0.00     0.00
      578   9.9157      -19.806       22.287         0.00     0.00     0.00
      579   9.9346      -13.303       23.471         0.00     0.00     0.00
      580   10.153      -6.6928       24.349         0.00     0.00     0.00

    NODE        X            Y            Z          THXY     THYZ     THZX
      581   14.159      -18.183       20.208         0.00     0.00     0.00
      582   14.391      -12.343       21.219         0.00     0.00     0.00
      583   14.724      -6.2167       21.946         0.00     0.00     0.00
      584   4.3950       0.0000       22.095         0.00     0.00     0.00
      585   8.6211       0.0000       20.813         0.00     0.00     0.00
      586   12.516       0.0000       18.731         0.00     0.00     0.00
      587   15.930       0.0000       15.930         0.00     0.00     0.00
      588   18.731       0.0000       12.516         0.00     0.00     0.00
      589   20.813       0.0000       8.6211         0.00     0.00     0.00
      590   22.095       0.0000       4.3950         0.00     0.00     0.00
      591   14.272      -19.402       14.288         0.00     0.00     0.00
      592   4.5889      -25.710       18.005         0.00     0.00     0.00
      593   8.7717      -23.453       16.964         0.00     0.00     0.00
      594   12.154      -21.166       15.552         0.00     0.00     0.00
      595   17.991      -25.714       4.6210         0.00     0.00     0.00
      596   16.940      -23.455       8.8110         0.00     0.00     0.00
      597   15.529      -21.167       12.181         0.00     0.00     0.00
      598   15.545      -5.5302       15.545         0.00     0.00     0.00
      599   15.163      -10.914       15.165         0.00     0.00     0.00
      600   14.703      -15.823       14.709         0.00     0.00     0.00

    NODE        X            Y            Z          THXY     THYZ     THZX
      601   4.3230      -19.463       19.648         0.00     0.00     0.00
      602   4.2735      -13.052       20.784         0.00     0.00     0.00
      603   4.3166      -6.5480       21.543         0.00     0.00     0.00
      604   8.3895      -17.924       18.524         0.00     0.00     0.00
      605   8.3545      -12.080       19.558         0.00     0.00     0.00
      606   8.4586      -6.0723       20.243         0.00     0.00     0.00
      607   11.920      -16.540       16.840         0.00     0.00     0.00
      608   12.041      -11.271       17.672         0.00     0.00     0.00
      609   12.252      -5.6873       18.233         0.00     0.00     0.00
      610   15.503      -31.653       5.1973         0.00     0.00     0.00
      611   11.740      -36.987       5.9171         0.00     0.00     0.00
      612   6.4640      -41.250       6.5049         0.00     0.00     0.00
      613   14.476      -28.553       9.7386         0.00     0.00     0.00
      614   10.805      -33.143       10.881         0.00     0.00     0.00
      615   5.8524      -36.981       11.787         0.00     0.00     0.00
      616   13.183      -25.015       13.230         0.00     0.00     0.00
      617   9.6704      -28.549       14.528         0.00     0.00     0.00
      618   5.1414      -31.647       15.533         0.00     0.00     0.00
      619   18.233      -5.6873       12.253         0.00     0.00     0.00
      620   20.243      -6.0724       8.4596         0.00     0.00     0.00

    NODE        X            Y            Z          THXY     THYZ     THZX
      621   21.543      -6.5481       4.3174         0.00     0.00     0.00
      622   17.670      -11.271       12.044         0.00     0.00     0.00
      623   19.555      -12.080       8.3589         0.00     0.00     0.00
      624   20.783      -13.052       4.2774         0.00     0.00     0.00
      625   16.832      -16.541       11.930         0.00     0.00     0.00
      626   18.515      -17.925       8.4051         0.00     0.00     0.00
      627   19.643      -19.465       4.3359         0.00     0.00     0.00

