
 LIST ALL SELECTED ELEMENTS.  (LIST NODES)
 
    ELEM    MAT    TYP    REL    ESY    SEC        NODES
 
    1453   1453      1      1      0      1   1621  1643  1962  1622  2401  2445  2685  2403
    1454   1454      1      1      0      1   1643  1644  1961  1962  2445  2447  2705  2685
    1455   1455      1      1      0      1   1644  1645  1960  1961  2447  2449  2725  2705
    1456   1456      1      1      0      1   1645  1646  1959  1960  2449  2451  2745  2725
    1457   1457      1      1      0      1   1646  1647  1958  1959  2451  2453  2765  2745
    1458   1458      1      1      0      1   1647  1648  1957  1958  2453  2455  2785  2765
    1459   1459      1      1      0      1   1648  1649  1956  1957  2455  2457  2805  2785
    1460   1460      1      1      0      1   1649  1650  1955  1956  2457  2459  2825  2805
    1461   1461      1      1      0      1   1650  1651  1954  1955  2459  2461  2845  2825
    1462   1462      1      1      0      1   1651  1652  1953  1954  2461  2463  2865  2845
    1463   1463      1      1      0      1   1652  1632  1662  1953  2463  2423  2443  2865
    1464   1464      1      1      0      1   1622  1962  1952  1623  2403  2685  2687  2405
    1465   1465      1      1      0      1   1962  1961  1951  1952  2685  2705  2707  2687
    1466   1466      1      1      0      1   1961  1960  1950  1951  2705  2725  2727  2707
    1467   1467      1      1      0      1   1960  1959  1949  1950  2725  2745  2747  2727
    1468   1468      1      1      0      1   1959  1958  1948  1949  2745  2765  2767  2747
    1469   1469      1      1      0      1   1958  1957  1947  1948  2765  2785  2787  2767
    1470   1470      1      1      0      1   1957  1956  1946  1947  2785  2805  2807  2787
    1471   1471      1      1      0      1   1956  1955  1945  1946  2805  2825  2827  2807
    1472   1472      1      1      0      1   1955  1954  1944  1945  2825  2845  2847  2827
 
    ELEM    MAT    TYP    REL    ESY    SEC        NODES
 
    1473   1473      1      1      0      1   1954  1953  1943  1944  2845  2865  2867  2847
    1474   1474      1      1      0      1   1953  1662  1661  1943  2865  2443  2441  2867
    1475   1475      1      1      0      1   1623  1952  1942  1624  2405  2687  2689  2407
    1476   1476      1      1      0      1   1952  1951  1941  1942  2687  2707  2709  2689
    1477   1477      1      1      0      1   1951  1950  1940  1941  2707  2727  2729  2709
    1478   1478      1      1      0      1   1950  1949  1939  1940  2727  2747  2749  2729
    1479   1479      1      1      0      1   1949  1948  1938  1939  2747  2767  2769  2749
    1480   1480      1      1      0      1   1948  1947  1937  1938  2767  2787  2789  2769
    1481   1481      1      1      0      1   1947  1946  1936  1937  2787  2807  2809  2789
    1482   1482      1      1      0      1   1946  1945  1935  1936  2807  2827  2829  2809
    1483   1483      1      1      0      1   1945  1944  1934  1935  2827  2847  2849  2829
    1484   1484      1      1      0      1   1944  1943  1933  1934  2847  2867  2869  2849
    1485   1485      1      1      0      1   1943  1661  1660  1933  2867  2441  2439  2869
    1486   1486      1      1      0      1   1624  1942  1932  1625  2407  2689  2691  2409
    1487   1487      1      1      0      1   1942  1941  1931  1932  2689  2709  2711  2691
    1488   1488      1      1      0      1   1941  1940  1930  1931  2709  2729  2731  2711
    1489   1489      1      1      0      1   1940  1939  1929  1930  2729  2749  2751  2731
    1490   1490      1      1      0      1   1939  1938  1928  1929  2749  2769  2771  2751
    1491   1491      1      1      0      1   1938  1937  1927  1928  2769  2789  2791  2771
    1492   1492      1      1      0      1   1937  1936  1926  1927  2789  2809  2811  2791
 
    ELEM    MAT    TYP    REL    ESY    SEC        NODES
 
    1493   1493      1      1      0      1   1936  1935  1925  1926  2809  2829  2831  2811
    1494   1494      1      1      0      1   1935  1934  1924  1925  2829  2849  2851  2831
    1495   1495      1      1      0      1   1934  1933  1923  1924  2849  2869  2871  2851
    1496   1496      1      1      0      1   1933  1660  1659  1923  2869  2439  2437  2871
    1497   1497      1      1      0      1   1625  1932  1922  1626  2409  2691  2693  2411
    1498   1498      1      1      0      1   1932  1931  1921  1922  2691  2711  2713  2693
    1499   1499      1      1      0      1   1931  1930  1920  1921  2711  2731  2733  2713
    1500   1500      1      1      0      1   1930  1929  1919  1920  2731  2751  2753  2733
    1501   1501      1      1      0      1   1929  1928  1918  1919  2751  2771  2773  2753
    1502   1502      1      1      0      1   1928  1927  1917  1918  2771  2791  2793  2773
    1503   1503      1      1      0      1   1927  1926  1916  1917  2791  2811  2813  2793
    1504   1504      1      1      0      1   1926  1925  1915  1916  2811  2831  2833  2813
    1505   1505      1      1      0      1   1925  1924  1914  1915  2831  2851  2853  2833
    1506   1506      1      1      0      1   1924  1923  1913  1914  2851  2871  2873  2853
    1507   1507      1      1      0      1   1923  1659  1658  1913  2871  2437  2435  2873
    1508   1508      1      1      0      1   1626  1922  1912  1627  2411  2693  2695  2413
    1509   1509      1      1      0      1   1922  1921  1911  1912  2693  2713  2715  2695
    1510   1510      1      1      0      1   1921  1920  1910  1911  2713  2733  2735  2715
    1511   1511      1      1      0      1   1920  1919  1909  1910  2733  2753  2755  2735
    1512   1512      1      1      0      1   1919  1918  1908  1909  2753  2773  2775  2755
 
    ELEM    MAT    TYP    REL    ESY    SEC        NODES
 
    1513   1513      1      1      0      1   1918  1917  1907  1908  2773  2793  2795  2775
    1514   1514      1      1      0      1   1917  1916  1906  1907  2793  2813  2815  2795
    1515   1515      1      1      0      1   1916  1915  1905  1906  2813  2833  2835  2815
    1516   1516      1      1      0      1   1915  1914  1904  1905  2833  2853  2855  2835
    1517   1517      1      1      0      1   1914  1913  1903  1904  2853  2873  2875  2855
    1519   1519      1      1      0      1   1627  1912  1902  1628  2413  2695  2697  2415
    1520   1520      1      1      0      1   1912  1911  1901  1902  2695  2715  2717  2697
    1521   1521      1      1      0      1   1911  1910  1900  1901  2715  2735  2737  2717
    1522   1522      1      1      0      1   1910  1909  1899  1900  2735  2755  2757  2737
    1523   1523      1      1      0      1   1909  1908  1898  1899  2755  2775  2777  2757
    1524   1524      1      1      0      1   1908  1907  1897  1898  2775  2795  2797  2777
    1525   1525      1      1      0      1   1907  1906  1896  1897  2795  2815  2817  2797
    1526   1526      1      1      0      1   1906  1905  1895  1896  2815  2835  2837  2817
    1527   1527      1      1      0      1   1905  1904  1894  1895  2835  2855  2857  2837
    1528   1528      1      1      0      1   1904  1903  1893  1894  2855  2875  2877  2857
    1530   1530      1      1      0      1   1628  1902  1892  1629  2415  2697  2699  2417
    1531   1531      1      1      0      1   1902  1901  1891  1892  2697  2717  2719  2699
    1532   1532      1      1      0      1   1901  1900  1890  1891  2717  2737  2739  2719
    1533   1533      1      1      0      1   1900  1899  1889  1890  2737  2757  2759  2739
    1534   1534      1      1      0      1   1899  1898  1888  1889  2757  2777  2779  2759
 
    ELEM    MAT    TYP    REL    ESY    SEC        NODES
 
    1535   1535      1      1      0      1   1898  1897  1887  1888  2777  2797  2799  2779
    1536   1536      1      1      0      1   1897  1896  1886  1887  2797  2817  2819  2799
    1574   1574      1      1      0      1   2401  2445  2685  2403  2402  2446  2686  2404
    1575   1575      1      1      0      1   2445  2447  2705  2685  2446  2448  2706  2686
    1576   1576      1      1      0      1   2447  2449  2725  2705  2448  2450  2726  2706
    1577   1577      1      1      0      1   2449  2451  2745  2725  2450  2452  2746  2726
    1578   1578      1      1      0      1   2451  2453  2765  2745  2452  2454  2766  2746
    1579   1579      1      1      0      1   2453  2455  2785  2765  2454  2456  2786  2766
    1580   1580      1      1      0      1   2455  2457  2805  2785  2456  2458  2806  2786
    1581   1581      1      1      0      1   2457  2459  2825  2805  2458  2460  2826  2806
    1582   1582      1      1      0      1   2459  2461  2845  2825  2460  2462  2846  2826
    1583   1583      1      1      0      1   2461  2463  2865  2845  2462  2464  2866  2846
    1585   1585      1      1      0      1   2403  2685  2687  2405  2404  2686  2688  2406
    1586   1586      1      1      0      1   2685  2705  2707  2687  2686  2706  2708  2688
    1587   1587      1      1      0      1   2705  2725  2727  2707  2706  2726  2728  2708
    1588   1588      1      1      0      1   2725  2745  2747  2727  2726  2746  2748  2728
    1589   1589      1      1      0      1   2745  2765  2767  2747  2746  2766  2768  2748
    1590   1590      1      1      0      1   2765  2785  2787  2767  2766  2786  2788  2768
    1591   1591      1      1      0      1   2785  2805  2807  2787  2786  2806  2808  2788
    1592   1592      1      1      0      1   2805  2825  2827  2807  2806  2826  2828  2808
 
    ELEM    MAT    TYP    REL    ESY    SEC        NODES
 
    1593   1593      1      1      0      1   2825  2845  2847  2827  2826  2846  2848  2828
    1594   1594      1      1      0      1   2845  2865  2867  2847  2846  2866  2868  2848
    1596   1596      1      1      0      1   2405  2687  2689  2407  2406  2688  2690  2408
    1597   1597      1      1      0      1   2687  2707  2709  2689  2688  2708  2710  2690
    1598   1598      1      1      0      1   2707  2727  2729  2709  2708  2728  2730  2710
    1599   1599      1      1      0      1   2727  2747  2749  2729  2728  2748  2750  2730
    1600   1600      1      1      0      1   2747  2767  2769  2749  2748  2768  2770  2750
    1601   1601      1      1      0      1   2767  2787  2789  2769  2768  2788  2790  2770
    1602   1602      1      1      0      1   2787  2807  2809  2789  2788  2808  2810  2790
    1603   1603      1      1      0      1   2807  2827  2829  2809  2808  2828  2830  2810
    1604   1604      1      1      0      1   2827  2847  2849  2829  2828  2848  2850  2830
    1605   1605      1      1      0      1   2847  2867  2869  2849  2848  2868  2870  2850
    1607   1607      1      1      0      1   2407  2689  2691  2409  2408  2690  2692  2410
    1608   1608      1      1      0      1   2689  2709  2711  2691  2690  2710  2712  2692
    1609   1609      1      1      0      1   2709  2729  2731  2711  2710  2730  2732  2712
    1610   1610      1      1      0      1   2729  2749  2751  2731  2730  2750  2752  2732
    1611   1611      1      1      0      1   2749  2769  2771  2751  2750  2770  2772  2752
    1612   1612      1      1      0      1   2769  2789  2791  2771  2770  2790  2792  2772
    1613   1613      1      1      0      1   2789  2809  2811  2791  2790  2810  2812  2792
    1614   1614      1      1      0      1   2809  2829  2831  2811  2810  2830  2832  2812
 
    ELEM    MAT    TYP    REL    ESY    SEC        NODES
 
    1615   1615      1      1      0      1   2829  2849  2851  2831  2830  2850  2852  2832
    1616   1616      1      1      0      1   2849  2869  2871  2851  2850  2870  2872  2852
    1618   1618      1      1      0      1   2409  2691  2693  2411  2410  2692  2694  2412
    1619   1619      1      1      0      1   2691  2711  2713  2693  2692  2712  2714  2694
    1620   1620      1      1      0      1   2711  2731  2733  2713  2712  2732  2734  2714
    1621   1621      1      1      0      1   2731  2751  2753  2733  2732  2752  2754  2734
    1622   1622      1      1      0      1   2751  2771  2773  2753  2752  2772  2774  2754
    1623   1623      1      1      0      1   2771  2791  2793  2773  2772  2792  2794  2774
    1624   1624      1      1      0      1   2791  2811  2813  2793  2792  2812  2814  2794
    1625   1625      1      1      0      1   2811  2831  2833  2813  2812  2832  2834  2814
    1626   1626      1      1      0      1   2831  2851  2853  2833  2832  2852  2854  2834
    1629   1629      1      1      0      1   2411  2693  2695  2413  2412  2694  2696  2414
    1630   1630      1      1      0      1   2693  2713  2715  2695  2694  2714  2716  2696
    1631   1631      1      1      0      1   2713  2733  2735  2715  2714  2734  2736  2716
    1632   1632      1      1      0      1   2733  2753  2755  2735  2734  2754  2756  2736
    1633   1633      1      1      0      1   2753  2773  2775  2755  2754  2774  2776  2756
    1634   1634      1      1      0      1   2773  2793  2795  2775  2774  2794  2796  2776
    1635   1635      1      1      0      1   2793  2813  2815  2795  2794  2814  2816  2796
    1636   1636      1      1      0      1   2813  2833  2835  2815  2814  2834  2836  2816
    1637   1637      1      1      0      1   2833  2853  2855  2835  2834  2854  2856  2836
 
    ELEM    MAT    TYP    REL    ESY    SEC        NODES
 
    1640   1640      1      1      0      1   2413  2695  2697  2415  2414  2696  2698  2416
    1641   1641      1      1      0      1   2695  2715  2717  2697  2696  2716  2718  2698
    1642   1642      1      1      0      1   2715  2735  2737  2717  2716  2736  2738  2718
    1643   1643      1      1      0      1   2735  2755  2757  2737  2736  2756  2758  2738
    1644   1644      1      1      0      1   2755  2775  2777  2757  2756  2776  2778  2758
    1645   1645      1      1      0      1   2775  2795  2797  2777  2776  2796  2798  2778
    1646   1646      1      1      0      1   2795  2815  2817  2797  2796  2816  2818  2798
    1647   1647      1      1      0      1   2815  2835  2837  2817  2816  2836  2838  2818
    1655   1655      1      1      0      1   2757  2777  2779  2759  2758  2778  2780  2760
    1695   1695      1      1      0      1   2402  2446  2686  2404  1974  2007  2037  1975
    1696   1696      1      1      0      1   2446  2448  2706  2686  2007  2008  2047  2037
    1697   1697      1      1      0      1   2448  2450  2726  2706  2008  2009  2057  2047
    1698   1698      1      1      0      1   2450  2452  2746  2726  2009  2010  2067  2057
    1699   1699      1      1      0      1   2452  2454  2766  2746  2010  2011  2077  2067
    1700   1700      1      1      0      1   2454  2456  2786  2766  2011  2012  2087  2077
    1701   1701      1      1      0      1   2456  2458  2806  2786  2012  2013  2097  2087
    1702   1702      1      1      0      1   2458  2460  2826  2806  2013  2014  2107  2097
    1703   1703      1      1      0      1   2460  2462  2846  2826  2014  2015  2117  2107
    1706   1706      1      1      0      1   2404  2686  2688  2406  1975  2037  2038  1976
    1707   1707      1      1      0      1   2686  2706  2708  2688  2037  2047  2048  2038
 
    ELEM    MAT    TYP    REL    ESY    SEC        NODES
 
    1708   1708      1      1      0      1   2706  2726  2728  2708  2047  2057  2058  2048
    1709   1709      1      1      0      1   2726  2746  2748  2728  2057  2067  2068  2058
    1710   1710      1      1      0      1   2746  2766  2768  2748  2067  2077  2078  2068
    1711   1711      1      1      0      1   2766  2786  2788  2768  2077  2087  2088  2078
    1712   1712      1      1      0      1   2786  2806  2808  2788  2087  2097  2098  2088
    1713   1713      1      1      0      1   2806  2826  2828  2808  2097  2107  2108  2098
    1714   1714      1      1      0      1   2826  2846  2848  2828  2107  2117  2118  2108
    1717   1717      1      1      0      1   2406  2688  2690  2408  1976  2038  2039  1977
    1718   1718      1      1      0      1   2688  2708  2710  2690  2038  2048  2049  2039
    1719   1719      1      1      0      1   2708  2728  2730  2710  2048  2058  2059  2049
    1720   1720      1      1      0      1   2728  2748  2750  2730  2058  2068  2069  2059
    1721   1721      1      1      0      1   2748  2768  2770  2750  2068  2078  2079  2069
    1722   1722      1      1      0      1   2768  2788  2790  2770  2078  2088  2089  2079
    1723   1723      1      1      0      1   2788  2808  2810  2790  2088  2098  2099  2089
    1724   1724      1      1      0      1   2808  2828  2830  2810  2098  2108  2109  2099
    1725   1725      1      1      0      1   2828  2848  2850  2830  2108  2118  2119  2109
    1728   1728      1      1      0      1   2408  2690  2692  2410  1977  2039  2040  1978
    1729   1729      1      1      0      1   2690  2710  2712  2692  2039  2049  2050  2040
    1730   1730      1      1      0      1   2710  2730  2732  2712  2049  2059  2060  2050
    1731   1731      1      1      0      1   2730  2750  2752  2732  2059  2069  2070  2060
 
    ELEM    MAT    TYP    REL    ESY    SEC        NODES
 
    1732   1732      1      1      0      1   2750  2770  2772  2752  2069  2079  2080  2070
    1733   1733      1      1      0      1   2770  2790  2792  2772  2079  2089  2090  2080
    1734   1734      1      1      0      1   2790  2810  2812  2792  2089  2099  2100  2090
    1735   1735      1      1      0      1   2810  2830  2832  2812  2099  2109  2110  2100
    1739   1739      1      1      0      1   2410  2692  2694  2412  1978  2040  2041  1979
    1740   1740      1      1      0      1   2692  2712  2714  2694  2040  2050  2051  2041
    1741   1741      1      1      0      1   2712  2732  2734  2714  2050  2060  2061  2051
    1742   1742      1      1      0      1   2732  2752  2754  2734  2060  2070  2071  2061
    1743   1743      1      1      0      1   2752  2772  2774  2754  2070  2080  2081  2071
    1744   1744      1      1      0      1   2772  2792  2794  2774  2080  2090  2091  2081
    1745   1745      1      1      0      1   2792  2812  2814  2794  2090  2100  2101  2091
    1750   1750      1      1      0      1   2412  2694  2696  2414  1979  2041  2042  1980
    1751   1751      1      1      0      1   2694  2714  2716  2696  2041  2051  2052  2042
    1752   1752      1      1      0      1   2714  2734  2736  2716  2051  2061  2062  2052
    1753   1753      1      1      0      1   2734  2754  2756  2736  2061  2071  2072  2062
    1754   1754      1      1      0      1   2754  2774  2776  2756  2071  2081  2082  2072
    1826   1826      1      1      0      1   1642  1632  1652  1853  2483  2423  2463  3065
    1836   1836      1      1      0      1   1854  1853  1843  1844  3045  3065  3067  3047
    1837   1837      1      1      0      1   1853  1652  1651  1843  3065  2463  2461  3067
    1846   1846      1      1      0      1   1845  1844  1834  1835  3027  3047  3049  3029
 
    ELEM    MAT    TYP    REL    ESY    SEC        NODES
 
    1847   1847      1      1      0      1   1844  1843  1833  1834  3047  3067  3069  3049
    1848   1848      1      1      0      1   1843  1651  1650  1833  3067  2461  2459  3069
    1856   1856      1      1      0      1   1836  1835  1825  1826  3009  3029  3031  3011
    1857   1857      1      1      0      1   1835  1834  1824  1825  3029  3049  3051  3031
    1858   1858      1      1      0      1   1834  1833  1823  1824  3049  3069  3071  3051
    1859   1859      1      1      0      1   1833  1650  1649  1823  3069  2459  2457  3071
    1867   1867      1      1      0      1   1826  1825  1815  1816  3011  3031  3033  3013
    1868   1868      1      1      0      1   1825  1824  1814  1815  3031  3051  3053  3033
    1869   1869      1      1      0      1   1824  1823  1813  1814  3051  3071  3073  3053
    1870   1870      1      1      0      1   1823  1649  1648  1813  3071  2457  2455  3073
    1877   1877      1      1      0      1   1817  1816  1806  1807  2993  3013  3015  2995
    1878   1878      1      1      0      1   1816  1815  1805  1806  3013  3033  3035  3015
    1879   1879      1      1      0      1   1815  1814  1804  1805  3033  3053  3055  3035
    1880   1880      1      1      0      1   1814  1813  1803  1804  3053  3073  3075  3055
    1881   1881      1      1      0      1   1813  1648  1647  1803  3073  2455  2453  3075
    1888   1888      1      1      0      1   1807  1806  1796  1797  2995  3015  3017  2997
    1889   1889      1      1      0      1   1806  1805  1795  1796  3015  3035  3037  3017
    1890   1890      1      1      0      1   1805  1804  1794  1795  3035  3055  3057  3037
    1891   1891      1      1      0      1   1804  1803  1793  1794  3055  3075  3077  3057
    1892   1892      1      1      0      1   1803  1647  1646  1793  3075  2453  2451  3077
 
    ELEM    MAT    TYP    REL    ESY    SEC        NODES
 
    1898   1898      1      1      0      1   1798  1797  1787  1788  2977  2997  2999  2979
    1899   1899      1      1      0      1   1797  1796  1786  1787  2997  3017  3019  2999
    1900   1900      1      1      0      1   1796  1795  1785  1786  3017  3037  3039  3019
    1901   1901      1      1      0      1   1795  1794  1784  1785  3037  3057  3059  3039
    1902   1902      1      1      0      1   1794  1793  1783  1784  3057  3077  3079  3059
    1903   1903      1      1      0      1   1793  1646  1645  1783  3077  2451  2449  3079
    1909   1909      1      1      0      1   1788  1787  1777  1778  2979  2999  3001  2981
    1910   1910      1      1      0      1   1787  1786  1776  1777  2999  3019  3021  3001
    1911   1911      1      1      0      1   1786  1785  1775  1776  3019  3039  3041  3021
    1912   1912      1      1      0      1   1785  1784  1774  1775  3039  3059  3061  3041
    1913   1913      1      1      0      1   1784  1783  1773  1774  3059  3079  3081  3061
    1914   1914      1      1      0      1   1783  1645  1644  1773  3079  2449  2447  3081
    1920   1920      1      1      0      1   1778  1777  1767  1768  2981  3001  3003  2983
    1921   1921      1      1      0      1   1777  1776  1766  1767  3001  3021  3023  3003
    1922   1922      1      1      0      1   1776  1775  1765  1766  3021  3041  3043  3023
    1923   1923      1      1      0      1   1775  1774  1764  1765  3041  3061  3063  3043
    1924   1924      1      1      0      1   1774  1773  1763  1764  3061  3081  3083  3063
    1925   1925      1      1      0      1   1773  1644  1643  1763  3081  2447  2445  3083
    1931   1931      1      1      0      1   1768  1767  1616  1615  2983  3003  2391  2389
    1932   1932      1      1      0      1   1767  1766  1617  1616  3003  3023  2393  2391
 
    ELEM    MAT    TYP    REL    ESY    SEC        NODES
 
    1933   1933      1      1      0      1   1766  1765  1618  1617  3023  3043  2395  2393
    1934   1934      1      1      0      1   1765  1764  1619  1618  3043  3063  2397  2395
    1935   1935      1      1      0      1   1764  1763  1620  1619  3063  3083  2399  2397
    1936   1936      1      1      0      1   1763  1643  1621  1620  3083  2445  2401  2399
    1958   1958      1      1      0      1   3065  2463  2461  3067  3066  2464  2462  3068
    1967   1967      1      1      0      1   3027  3047  3049  3029  3028  3048  3050  3030
    1968   1968      1      1      0      1   3047  3067  3069  3049  3048  3068  3070  3050
    1969   1969      1      1      0      1   3067  2461  2459  3069  3068  2462  2460  3070
    1978   1978      1      1      0      1   3029  3049  3051  3031  3030  3050  3052  3032
    1979   1979      1      1      0      1   3049  3069  3071  3051  3050  3070  3072  3052
    1980   1980      1      1      0      1   3069  2459  2457  3071  3070  2460  2458  3072
    1988   1988      1      1      0      1   3011  3031  3033  3013  3012  3032  3034  3014
    1989   1989      1      1      0      1   3031  3051  3053  3033  3032  3052  3054  3034
    1990   1990      1      1      0      1   3051  3071  3073  3053  3052  3072  3074  3054
    1991   1991      1      1      0      1   3071  2457  2455  3073  3072  2458  2456  3074
    1998   1998      1      1      0      1   2993  3013  3015  2995  2994  3014  3016  2996
    1999   1999      1      1      0      1   3013  3033  3035  3015  3014  3034  3036  3016
    2000   2000      1      1      0      1   3033  3053  3055  3035  3034  3054  3056  3036
    2001   2001      1      1      0      1   3053  3073  3075  3055  3054  3074  3076  3056
    2002   2002      1      1      0      1   3073  2455  2453  3075  3074  2456  2454  3076
 
    ELEM    MAT    TYP    REL    ESY    SEC        NODES
 
    2008   2008      1      1      0      1   2975  2995  2997  2977  2976  2996  2998  2978
    2009   2009      1      1      0      1   2995  3015  3017  2997  2996  3016  3018  2998
    2010   2010      1      1      0      1   3015  3035  3037  3017  3016  3036  3038  3018
    2011   2011      1      1      0      1   3035  3055  3057  3037  3036  3056  3058  3038
    2012   2012      1      1      0      1   3055  3075  3077  3057  3056  3076  3078  3058
    2013   2013      1      1      0      1   3075  2453  2451  3077  3076  2454  2452  3078
    2019   2019      1      1      0      1   2977  2997  2999  2979  2978  2998  3000  2980
    2020   2020      1      1      0      1   2997  3017  3019  2999  2998  3018  3020  3000
    2021   2021      1      1      0      1   3017  3037  3039  3019  3018  3038  3040  3020
    2022   2022      1      1      0      1   3037  3057  3059  3039  3038  3058  3060  3040
    2023   2023      1      1      0      1   3057  3077  3079  3059  3058  3078  3080  3060
    2024   2024      1      1      0      1   3077  2451  2449  3079  3078  2452  2450  3080
    2030   2030      1      1      0      1   2979  2999  3001  2981  2980  3000  3002  2982
    2031   2031      1      1      0      1   2999  3019  3021  3001  3000  3020  3022  3002
    2032   2032      1      1      0      1   3019  3039  3041  3021  3020  3040  3042  3022
    2033   2033      1      1      0      1   3039  3059  3061  3041  3040  3060  3062  3042
    2034   2034      1      1      0      1   3059  3079  3081  3061  3060  3080  3082  3062
    2035   2035      1      1      0      1   3079  2449  2447  3081  3080  2450  2448  3082
    2040   2040      1      1      0      1   2961  2981  2983  2963  2962  2982  2984  2964
    2041   2041      1      1      0      1   2981  3001  3003  2983  2982  3002  3004  2984
 
    ELEM    MAT    TYP    REL    ESY    SEC        NODES
 
    2042   2042      1      1      0      1   3001  3021  3023  3003  3002  3022  3024  3004
    2043   2043      1      1      0      1   3021  3041  3043  3023  3022  3042  3044  3024
    2044   2044      1      1      0      1   3041  3061  3063  3043  3042  3062  3064  3044
    2045   2045      1      1      0      1   3061  3081  3083  3063  3062  3082  3084  3064
    2046   2046      1      1      0      1   3081  2447  2445  3083  3082  2448  2446  3084
    2051   2051      1      1      0      1   2963  2983  2389  2387  2964  2984  2390  2388
    2052   2052      1      1      0      1   2983  3003  2391  2389  2984  3004  2392  2390
    2053   2053      1      1      0      1   3003  3023  2393  2391  3004  3024  2394  2392
    2054   2054      1      1      0      1   3023  3043  2395  2393  3024  3044  2396  2394
    2055   2055      1      1      0      1   3043  3063  2397  2395  3044  3064  2398  2396
    2056   2056      1      1      0      1   3063  3083  2399  2397  3064  3084  2400  2398
    2057   2057      1      1      0      1   3083  2445  2401  2399  3084  2446  2402  2400
    2089   2089      1      1      0      1   3048  3068  3070  3050  2218  2228  2229  2219
    2090   2090      1      1      0      1   3068  2462  2460  3070  2228  2015  2014  2229
    2099   2099      1      1      0      1   3030  3050  3052  3032  2209  2219  2220  2210
    2100   2100      1      1      0      1   3050  3070  3072  3052  2219  2229  2230  2220
    2101   2101      1      1      0      1   3070  2460  2458  3072  2229  2014  2013  2230
    2109   2109      1      1      0      1   3012  3032  3034  3014  2200  2210  2211  2201
    2110   2110      1      1      0      1   3032  3052  3054  3034  2210  2220  2221  2211
    2111   2111      1      1      0      1   3052  3072  3074  3054  2220  2230  2231  2221
 
    ELEM    MAT    TYP    REL    ESY    SEC        NODES
 
    2112   2112      1      1      0      1   3072  2458  2456  3074  2230  2013  2012  2231
    2119   2119      1      1      0      1   2994  3014  3016  2996  2191  2201  2202  2192
    2120   2120      1      1      0      1   3014  3034  3036  3016  2201  2211  2212  2202
    2121   2121      1      1      0      1   3034  3054  3056  3036  2211  2221  2222  2212
    2122   2122      1      1      0      1   3054  3074  3076  3056  2221  2231  2232  2222
    2123   2123      1      1      0      1   3074  2456  2454  3076  2231  2012  2011  2232
    2129   2129      1      1      0      1   2976  2996  2998  2978  2182  2192  2193  2183
    2130   2130      1      1      0      1   2996  3016  3018  2998  2192  2202  2203  2193
    2131   2131      1      1      0      1   3016  3036  3038  3018  2202  2212  2213  2203
    2132   2132      1      1      0      1   3036  3056  3058  3038  2212  2222  2223  2213
    2133   2133      1      1      0      1   3056  3076  3078  3058  2222  2232  2233  2223
    2134   2134      1      1      0      1   3076  2454  2452  3078  2232  2011  2010  2233
    2140   2140      1      1      0      1   2978  2998  3000  2980  2183  2193  2194  2184
    2141   2141      1      1      0      1   2998  3018  3020  3000  2193  2203  2204  2194
    2142   2142      1      1      0      1   3018  3038  3040  3020  2203  2213  2214  2204
    2143   2143      1      1      0      1   3038  3058  3060  3040  2213  2223  2224  2214
    2144   2144      1      1      0      1   3058  3078  3080  3060  2223  2233  2234  2224
    2145   2145      1      1      0      1   3078  2452  2450  3080  2233  2010  2009  2234
    2150   2150      1      1      0      1   2960  2980  2982  2962  2174  2184  2185  2175
    2151   2151      1      1      0      1   2980  3000  3002  2982  2184  2194  2195  2185
 
    ELEM    MAT    TYP    REL    ESY    SEC        NODES
 
    2152   2152      1      1      0      1   3000  3020  3022  3002  2194  2204  2205  2195
    2153   2153      1      1      0      1   3020  3040  3042  3022  2204  2214  2215  2205
    2154   2154      1      1      0      1   3040  3060  3062  3042  2214  2224  2225  2215
    2155   2155      1      1      0      1   3060  3080  3082  3062  2224  2234  2235  2225
    2156   2156      1      1      0      1   3080  2450  2448  3082  2234  2009  2008  2235
    2161   2161      1      1      0      1   2962  2982  2984  2964  2175  2185  2186  2176
    2162   2162      1      1      0      1   2982  3002  3004  2984  2185  2195  2196  2186
    2163   2163      1      1      0      1   3002  3022  3024  3004  2195  2205  2206  2196
    2164   2164      1      1      0      1   3022  3042  3044  3024  2205  2215  2216  2206
    2165   2165      1      1      0      1   3042  3062  3064  3044  2215  2225  2226  2216
    2166   2166      1      1      0      1   3062  3082  3084  3064  2225  2235  2236  2226
    2167   2167      1      1      0      1   3082  2448  2446  3084  2235  2008  2007  2236
    2172   2172      1      1      0      1   2964  2984  2390  2388  2176  2186  1968  1967
    2173   2173      1      1      0      1   2984  3004  2392  2390  2186  2196  1969  1968
    2174   2174      1      1      0      1   3004  3024  2394  2392  2196  2206  1970  1969
    2175   2175      1      1      0      1   3024  3044  2396  2394  2206  2216  1971  1970
    2176   2176      1      1      0      1   3044  3064  2398  2396  2216  2226  1972  1971
    2177   2177      1      1      0      1   3064  3084  2400  2398  2226  2236  1973  1972
    2178   2178      1      1      0      1   3084  2446  2402  2400  2236  2007  1974  1973
    2179   2179      1      1      0      1   1621  3149  3258  1620  2401  3921  3981  2399
 
    ELEM    MAT    TYP    REL    ESY    SEC        NODES
 
    2180   2180      1      1      0      1   3149  3150  3257  3258  3921  3923  4001  3981
    2181   2181      1      1      0      1   3150  3151  3256  3257  3923  3925  4021  4001
    2182   2182      1      1      0      1   3151  3152  3255  3256  3925  3927  4041  4021
    2183   2183      1      1      0      1   3152  3153  3254  3255  3927  3929  4061  4041
    2184   2184      1      1      0      1   3153  3154  3253  3254  3929  3931  4081  4061
    2185   2185      1      1      0      1   3154  3155  3252  3253  3931  3933  4101  4081
    2186   2186      1      1      0      1   3155  3156  3251  3252  3933  3935  4121  4101
    2187   2187      1      1      0      1   3156  3157  3250  3251  3935  3937  4141  4121
    2188   2188      1      1      0      1   3157  3158  3249  3250  3937  3939  4161  4141
    2189   2189      1      1      0      1   3158  3128  3138  3249  3939  3919  3979  4161
    2190   2190      1      1      0      1   1620  3258  3248  1619  2399  3981  3983  2397
    2191   2191      1      1      0      1   3258  3257  3247  3248  3981  4001  4003  3983
    2192   2192      1      1      0      1   3257  3256  3246  3247  4001  4021  4023  4003
    2193   2193      1      1      0      1   3256  3255  3245  3246  4021  4041  4043  4023
    2194   2194      1      1      0      1   3255  3254  3244  3245  4041  4061  4063  4043
    2195   2195      1      1      0      1   3254  3253  3243  3244  4061  4081  4083  4063
    2196   2196      1      1      0      1   3253  3252  3242  3243  4081  4101  4103  4083
    2197   2197      1      1      0      1   3252  3251  3241  3242  4101  4121  4123  4103
    2198   2198      1      1      0      1   3251  3250  3240  3241  4121  4141  4143  4123
    2199   2199      1      1      0      1   3250  3249  3239  3240  4141  4161  4163  4143
 
    ELEM    MAT    TYP    REL    ESY    SEC        NODES
 
    2201   2201      1      1      0      1   1619  3248  3238  1618  2397  3983  3985  2395
    2202   2202      1      1      0      1   3248  3247  3237  3238  3983  4003  4005  3985
    2203   2203      1      1      0      1   3247  3246  3236  3237  4003  4023  4025  4005
    2204   2204      1      1      0      1   3246  3245  3235  3236  4023  4043  4045  4025
    2205   2205      1      1      0      1   3245  3244  3234  3235  4043  4063  4065  4045
    2206   2206      1      1      0      1   3244  3243  3233  3234  4063  4083  4085  4065
    2207   2207      1      1      0      1   3243  3242  3232  3233  4083  4103  4105  4085
    2208   2208      1      1      0      1   3242  3241  3231  3232  4103  4123  4125  4105
    2209   2209      1      1      0      1   3241  3240  3230  3231  4123  4143  4145  4125
    2212   2212      1      1      0      1   1618  3238  3228  1617  2395  3985  3987  2393
    2213   2213      1      1      0      1   3238  3237  3227  3228  3985  4005  4007  3987
    2214   2214      1      1      0      1   3237  3236  3226  3227  4005  4025  4027  4007
    2215   2215      1      1      0      1   3236  3235  3225  3226  4025  4045  4047  4027
    2216   2216      1      1      0      1   3235  3234  3224  3225  4045  4065  4067  4047
    2217   2217      1      1      0      1   3234  3233  3223  3224  4065  4085  4087  4067
    2218   2218      1      1      0      1   3233  3232  3222  3223  4085  4105  4107  4087
    2219   2219      1      1      0      1   3232  3231  3221  3222  4105  4125  4127  4107
    2223   2223      1      1      0      1   1617  3228  3218  1616  2393  3987  3989  2391
    2224   2224      1      1      0      1   3228  3227  3217  3218  3987  4007  4009  3989
    2225   2225      1      1      0      1   3227  3226  3216  3217  4007  4027  4029  4009
 
    ELEM    MAT    TYP    REL    ESY    SEC        NODES
 
    2226   2226      1      1      0      1   3226  3225  3215  3216  4027  4047  4049  4029
    2227   2227      1      1      0      1   3225  3224  3214  3215  4047  4067  4069  4049
    2228   2228      1      1      0      1   3224  3223  3213  3214  4067  4087  4089  4069
    2234   2234      1      1      0      1   1616  3218  3208  1615  2391  3989  3991  2389
    2235   2235      1      1      0      1   3218  3217  3207  3208  3989  4009  4011  3991
    2236   2236      1      1      0      1   3217  3216  3206  3207  4009  4029  4031  4011
    2237   2237      1      1      0      1   3216  3215  3205  3206  4029  4049  4051  4031
    2300   2300      1      1      0      1   2401  3921  3981  2399  2402  3922  3982  2400
    2301   2301      1      1      0      1   3921  3923  4001  3981  3922  3924  4002  3982
    2302   2302      1      1      0      1   3923  3925  4021  4001  3924  3926  4022  4002
    2303   2303      1      1      0      1   3925  3927  4041  4021  3926  3928  4042  4022
    2304   2304      1      1      0      1   3927  3929  4061  4041  3928  3930  4062  4042
    2305   2305      1      1      0      1   3929  3931  4081  4061  3930  3932  4082  4062
    2306   2306      1      1      0      1   3931  3933  4101  4081  3932  3934  4102  4082
    2307   2307      1      1      0      1   3933  3935  4121  4101  3934  3936  4122  4102
    2308   2308      1      1      0      1   3935  3937  4141  4121  3936  3938  4142  4122
    2309   2309      1      1      0      1   3937  3939  4161  4141  3938  3940  4162  4142
    2311   2311      1      1      0      1   2399  3981  3983  2397  2400  3982  3984  2398
    2312   2312      1      1      0      1   3981  4001  4003  3983  3982  4002  4004  3984
    2313   2313      1      1      0      1   4001  4021  4023  4003  4002  4022  4024  4004
 
    ELEM    MAT    TYP    REL    ESY    SEC        NODES
 
    2314   2314      1      1      0      1   4021  4041  4043  4023  4022  4042  4044  4024
    2315   2315      1      1      0      1   4041  4061  4063  4043  4042  4062  4064  4044
    2316   2316      1      1      0      1   4061  4081  4083  4063  4062  4082  4084  4064
    2317   2317      1      1      0      1   4081  4101  4103  4083  4082  4102  4104  4084
    2318   2318      1      1      0      1   4101  4121  4123  4103  4102  4122  4124  4104
    2319   2319      1      1      0      1   4121  4141  4143  4123  4122  4142  4144  4124
    2320   2320      1      1      0      1   4141  4161  4163  4143  4142  4162  4164  4144
    2322   2322      1      1      0      1   2397  3983  3985  2395  2398  3984  3986  2396
    2323   2323      1      1      0      1   3983  4003  4005  3985  3984  4004  4006  3986
    2324   2324      1      1      0      1   4003  4023  4025  4005  4004  4024  4026  4006
    2325   2325      1      1      0      1   4023  4043  4045  4025  4024  4044  4046  4026
    2326   2326      1      1      0      1   4043  4063  4065  4045  4044  4064  4066  4046
    2327   2327      1      1      0      1   4063  4083  4085  4065  4064  4084  4086  4066
    2328   2328      1      1      0      1   4083  4103  4105  4085  4084  4104  4106  4086
    2329   2329      1      1      0      1   4103  4123  4125  4105  4104  4124  4126  4106
    2330   2330      1      1      0      1   4123  4143  4145  4125  4124  4144  4146  4126
    2333   2333      1      1      0      1   2395  3985  3987  2393  2396  3986  3988  2394
    2334   2334      1      1      0      1   3985  4005  4007  3987  3986  4006  4008  3988
    2335   2335      1      1      0      1   4005  4025  4027  4007  4006  4026  4028  4008
    2336   2336      1      1      0      1   4025  4045  4047  4027  4026  4046  4048  4028
 
    ELEM    MAT    TYP    REL    ESY    SEC        NODES
 
    2337   2337      1      1      0      1   4045  4065  4067  4047  4046  4066  4068  4048
    2338   2338      1      1      0      1   4065  4085  4087  4067  4066  4086  4088  4068
    2339   2339      1      1      0      1   4085  4105  4107  4087  4086  4106  4108  4088
    2340   2340      1      1      0      1   4105  4125  4127  4107  4106  4126  4128  4108
    2344   2344      1      1      0      1   2393  3987  3989  2391  2394  3988  3990  2392
    2345   2345      1      1      0      1   3987  4007  4009  3989  3988  4008  4010  3990
    2346   2346      1      1      0      1   4007  4027  4029  4009  4008  4028  4030  4010
    2347   2347      1      1      0      1   4027  4047  4049  4029  4028  4048  4050  4030
    2348   2348      1      1      0      1   4047  4067  4069  4049  4048  4068  4070  4050
    2349   2349      1      1      0      1   4067  4087  4089  4069  4068  4088  4090  4070
    2355   2355      1      1      0      1   2391  3989  3991  2389  2392  3990  3992  2390
    2356   2356      1      1      0      1   3989  4009  4011  3991  3990  4010  4012  3992
    2357   2357      1      1      0      1   4009  4029  4031  4011  4010  4030  4032  4012
    2358   2358      1      1      0      1   4029  4049  4051  4031  4030  4050  4052  4032
    2359   2359      1      1      0      1   4049  4069  4071  4051  4050  4070  4072  4052
    2366   2366      1      1      0      1   2389  3991  3993  2387  2390  3992  3994  2388
    2367   2367      1      1      0      1   3991  4011  4013  3993  3992  4012  4014  3994
    2421   2421      1      1      0      1   2402  3922  3982  2400  1974  3523  3733  1973
    2422   2422      1      1      0      1   3922  3924  4002  3982  3523  3524  3743  3733
    2423   2423      1      1      0      1   3924  3926  4022  4002  3524  3525  3753  3743
 
    ELEM    MAT    TYP    REL    ESY    SEC        NODES
 
    2424   2424      1      1      0      1   3926  3928  4042  4022  3525  3526  3763  3753
    2425   2425      1      1      0      1   3928  3930  4062  4042  3526  3527  3773  3763
    2426   2426      1      1      0      1   3930  3932  4082  4062  3527  3528  3783  3773
    2427   2427      1      1      0      1   3932  3934  4102  4082  3528  3529  3793  3783
    2428   2428      1      1      0      1   3934  3936  4122  4102  3529  3530  3803  3793
    2429   2429      1      1      0      1   3936  3938  4142  4122  3530  3531  3813  3803
    2430   2430      1      1      0      1   3938  3940  4162  4142  3531  3532  3823  3813
    2432   2432      1      1      0      1   2400  3982  3984  2398  1973  3733  3734  1972
    2433   2433      1      1      0      1   3982  4002  4004  3984  3733  3743  3744  3734
    2434   2434      1      1      0      1   4002  4022  4024  4004  3743  3753  3754  3744
    2435   2435      1      1      0      1   4022  4042  4044  4024  3753  3763  3764  3754
    2436   2436      1      1      0      1   4042  4062  4064  4044  3763  3773  3774  3764
    2437   2437      1      1      0      1   4062  4082  4084  4064  3773  3783  3784  3774
    2438   2438      1      1      0      1   4082  4102  4104  4084  3783  3793  3794  3784
    2439   2439      1      1      0      1   4102  4122  4124  4104  3793  3803  3804  3794
    2440   2440      1      1      0      1   4122  4142  4144  4124  3803  3813  3814  3804
    2443   2443      1      1      0      1   2398  3984  3986  2396  1972  3734  3735  1971
    2444   2444      1      1      0      1   3984  4004  4006  3986  3734  3744  3745  3735
    2445   2445      1      1      0      1   4004  4024  4026  4006  3744  3754  3755  3745
    2446   2446      1      1      0      1   4024  4044  4046  4026  3754  3764  3765  3755
 
    ELEM    MAT    TYP    REL    ESY    SEC        NODES
 
    2447   2447      1      1      0      1   4044  4064  4066  4046  3764  3774  3775  3765
    2448   2448      1      1      0      1   4064  4084  4086  4066  3774  3784  3785  3775
    2449   2449      1      1      0      1   4084  4104  4106  4086  3784  3794  3795  3785
    2450   2450      1      1      0      1   4104  4124  4126  4106  3794  3804  3805  3795
    2454   2454      1      1      0      1   2396  3986  3988  2394  1971  3735  3736  1970
    2455   2455      1      1      0      1   3986  4006  4008  3988  3735  3745  3746  3736
    2456   2456      1      1      0      1   4006  4026  4028  4008  3745  3755  3756  3746
    2457   2457      1      1      0      1   4026  4046  4048  4028  3755  3765  3766  3756
    2458   2458      1      1      0      1   4046  4066  4068  4048  3765  3775  3776  3766
    2459   2459      1      1      0      1   4066  4086  4088  4068  3775  3785  3786  3776
    2460   2460      1      1      0      1   4086  4106  4108  4088  3785  3795  3796  3786
    2465   2465      1      1      0      1   2394  3988  3990  2392  1970  3736  3737  1969
    2466   2466      1      1      0      1   3988  4008  4010  3990  3736  3746  3747  3737
    2467   2467      1      1      0      1   4008  4028  4030  4010  3746  3756  3757  3747
    2468   2468      1      1      0      1   4028  4048  4050  4030  3756  3766  3767  3757
    2469   2469      1      1      0      1   4048  4068  4070  4050  3766  3776  3777  3767
    2470   2470      1      1      0      1   4068  4088  4090  4070  3776  3786  3787  3777
    2476   2476      1      1      0      1   2392  3990  3992  2390  1969  3737  3738  1968
    2477   2477      1      1      0      1   3990  4010  4012  3992  3737  3747  3748  3738
    2478   2478      1      1      0      1   4010  4030  4032  4012  3747  3757  3758  3748
 
    ELEM    MAT    TYP    REL    ESY    SEC        NODES
 
    2479   2479      1      1      0      1   4030  4050  4052  4032  3757  3767  3768  3758
    2480   2480      1      1      0      1   4050  4070  4072  4052  3767  3777  3778  3768
    2487   2487      1      1      0      1   2390  3992  3994  2388  1968  3738  3739  1967
    2488   2488      1      1      0      1   3992  4012  4014  3994  3738  3748  3749  3739
    2489   2489      1      1      0      1   4012  4032  4034  4014  3748  3758  3759  3749
    2547   2547      1      1      0      1   3143  3144  3453  3454  3949  3951  4281  4261
    2548   2548      1      1      0      1   3144  3145  3452  3453  3951  3953  4301  4281
    2549   2549      1      1      0      1   3145  3146  3451  3452  3953  3955  4321  4301
    2550   2550      1      1      0      1   3146  3147  3450  3451  3955  3957  4341  4321
    2551   2551      1      1      0      1   3147  3148  3449  3450  3957  3959  4361  4341
    2552   2552      1      1      0      1   3148  3128  3158  3449  3959  3919  3939  4361
    2557   2557      1      1      0      1   3455  3454  3444  3445  4241  4261  4263  4243
    2558   2558      1      1      0      1   3454  3453  3443  3444  4261  4281  4283  4263
    2559   2559      1      1      0      1   3453  3452  3442  3443  4281  4301  4303  4283
    2560   2560      1      1      0      1   3452  3451  3441  3442  4301  4321  4323  4303
    2561   2561      1      1      0      1   3451  3450  3440  3441  4321  4341  4343  4323
    2562   2562      1      1      0      1   3450  3449  3439  3440  4341  4361  4363  4343
    2563   2563      1      1      0      1   3449  3158  3157  3439  4361  3939  3937  4363
    2568   2568      1      1      0      1   3445  3444  3434  3435  4243  4263  4265  4245
    2569   2569      1      1      0      1   3444  3443  3433  3434  4263  4283  4285  4265
 
    ELEM    MAT    TYP    REL    ESY    SEC        NODES
 
    2570   2570      1      1      0      1   3443  3442  3432  3433  4283  4303  4305  4285
    2571   2571      1      1      0      1   3442  3441  3431  3432  4303  4323  4325  4305
    2572   2572      1      1      0      1   3441  3440  3430  3431  4323  4343  4345  4325
    2573   2573      1      1      0      1   3440  3439  3429  3430  4343  4363  4365  4345
    2574   2574      1      1      0      1   3439  3157  3156  3429  4363  3937  3935  4365
    2579   2579      1      1      0      1   3435  3434  3424  3425  4245  4265  4267  4247
    2580   2580      1      1      0      1   3434  3433  3423  3424  4265  4285  4287  4267
    2581   2581      1      1      0      1   3433  3432  3422  3423  4285  4305  4307  4287
    2582   2582      1      1      0      1   3432  3431  3421  3422  4305  4325  4327  4307
    2583   2583      1      1      0      1   3431  3430  3420  3421  4325  4345  4347  4327
    2584   2584      1      1      0      1   3430  3429  3419  3420  4345  4365  4367  4347
    2585   2585      1      1      0      1   3429  3156  3155  3419  4365  3935  3933  4367
    2589   2589      1      1      0      1   3426  3425  3415  3416  4227  4247  4249  4229
    2590   2590      1      1      0      1   3425  3424  3414  3415  4247  4267  4269  4249
    2591   2591      1      1      0      1   3424  3423  3413  3414  4267  4287  4289  4269
    2592   2592      1      1      0      1   3423  3422  3412  3413  4287  4307  4309  4289
    2593   2593      1      1      0      1   3422  3421  3411  3412  4307  4327  4329  4309
    2594   2594      1      1      0      1   3421  3420  3410  3411  4327  4347  4349  4329
    2595   2595      1      1      0      1   3420  3419  3409  3410  4347  4367  4369  4349
    2596   2596      1      1      0      1   3419  3155  3154  3409  4367  3933  3931  4369
 
    ELEM    MAT    TYP    REL    ESY    SEC        NODES
 
    2600   2600      1      1      0      1   3416  3415  3405  3406  4229  4249  4251  4231
    2601   2601      1      1      0      1   3415  3414  3404  3405  4249  4269  4271  4251
    2602   2602      1      1      0      1   3414  3413  3403  3404  4269  4289  4291  4271
    2603   2603      1      1      0      1   3413  3412  3402  3403  4289  4309  4311  4291
    2604   2604      1      1      0      1   3412  3411  3401  3402  4309  4329  4331  4311
    2605   2605      1      1      0      1   3411  3410  3400  3401  4329  4349  4351  4331
    2606   2606      1      1      0      1   3410  3409  3399  3400  4349  4369  4371  4351
    2607   2607      1      1      0      1   3409  3154  3153  3399  4369  3931  3929  4371
    2611   2611      1      1      0      1   3406  3405  3395  3396  4231  4251  4253  4233
    2612   2612      1      1      0      1   3405  3404  3394  3395  4251  4271  4273  4253
    2613   2613      1      1      0      1   3404  3403  3393  3394  4271  4291  4293  4273
    2614   2614      1      1      0      1   3403  3402  3392  3393  4291  4311  4313  4293
    2615   2615      1      1      0      1   3402  3401  3391  3392  4311  4331  4333  4313
    2616   2616      1      1      0      1   3401  3400  3390  3391  4331  4351  4353  4333
    2617   2617      1      1      0      1   3400  3399  3389  3390  4351  4371  4373  4353
    2618   2618      1      1      0      1   3399  3153  3152  3389  4371  3929  3927  4373
    2622   2622      1      1      0      1   3396  3395  3385  3386  4233  4253  4255  4235
    2623   2623      1      1      0      1   3395  3394  3384  3385  4253  4273  4275  4255
    2624   2624      1      1      0      1   3394  3393  3383  3384  4273  4293  4295  4275
    2625   2625      1      1      0      1   3393  3392  3382  3383  4293  4313  4315  4295
 
    ELEM    MAT    TYP    REL    ESY    SEC        NODES
 
    2626   2626      1      1      0      1   3392  3391  3381  3382  4313  4333  4335  4315
    2627   2627      1      1      0      1   3391  3390  3380  3381  4333  4353  4355  4335
    2628   2628      1      1      0      1   3390  3389  3379  3380  4353  4373  4375  4355
    2629   2629      1      1      0      1   3389  3152  3151  3379  4373  3927  3925  4375
    2633   2633      1      1      0      1   3386  3385  3375  3376  4235  4255  4257  4237
    2634   2634      1      1      0      1   3385  3384  3374  3375  4255  4275  4277  4257
    2635   2635      1      1      0      1   3384  3383  3373  3374  4275  4295  4297  4277
    2636   2636      1      1      0      1   3383  3382  3372  3373  4295  4315  4317  4297
    2637   2637      1      1      0      1   3382  3381  3371  3372  4315  4335  4337  4317
    2638   2638      1      1      0      1   3381  3380  3370  3371  4335  4355  4357  4337
    2639   2639      1      1      0      1   3380  3379  3369  3370  4355  4375  4377  4357
    2640   2640      1      1      0      1   3379  3151  3150  3369  4375  3925  3923  4377
    2644   2644      1      1      0      1   3376  3375  3365  3366  4237  4257  4259  4239
    2645   2645      1      1      0      1   3375  3374  3364  3365  4257  4277  4279  4259
    2646   2646      1      1      0      1   3374  3373  3363  3364  4277  4297  4299  4279
    2647   2647      1      1      0      1   3373  3372  3362  3363  4297  4317  4319  4299
    2648   2648      1      1      0      1   3372  3371  3361  3362  4317  4337  4339  4319
    2649   2649      1      1      0      1   3371  3370  3360  3361  4337  4357  4359  4339
    2650   2650      1      1      0      1   3370  3369  3359  3360  4357  4377  4379  4359
    2651   2651      1      1      0      1   3369  3150  3149  3359  4377  3923  3921  4379
 
    ELEM    MAT    TYP    REL    ESY    SEC        NODES
 
    2655   2655      1      1      0      1   3366  3365  1628  1629  4239  4259  2415  2417
    2656   2656      1      1      0      1   3365  3364  1627  1628  4259  4279  2413  2415
    2657   2657      1      1      0      1   3364  3363  1626  1627  4279  4299  2411  2413
    2658   2658      1      1      0      1   3363  3362  1625  1626  4299  4319  2409  2411
    2659   2659      1      1      0      1   3362  3361  1624  1625  4319  4339  2407  2409
    2660   2660      1      1      0      1   3361  3360  1623  1624  4339  4359  2405  2407
    2661   2661      1      1      0      1   3360  3359  1622  1623  4359  4379  2403  2405
    2662   2662      1      1      0      1   3359  3149  1621  1622  4379  3921  2401  2403
    2672   2672      1      1      0      1   3957  3959  4361  4341  3958  3960  4362  4342
    2673   2673      1      1      0      1   3959  3919  3939  4361  3960  3920  3940  4362
    2680   2680      1      1      0      1   4281  4301  4303  4283  4282  4302  4304  4284
    2681   2681      1      1      0      1   4301  4321  4323  4303  4302  4322  4324  4304
    2682   2682      1      1      0      1   4321  4341  4343  4323  4322  4342  4344  4324
    2683   2683      1      1      0      1   4341  4361  4363  4343  4342  4362  4364  4344
    2684   2684      1      1      0      1   4361  3939  3937  4363  4362  3940  3938  4364
    2690   2690      1      1      0      1   4263  4283  4285  4265  4264  4284  4286  4266
    2691   2691      1      1      0      1   4283  4303  4305  4285  4284  4304  4306  4286
    2692   2692      1      1      0      1   4303  4323  4325  4305  4304  4324  4326  4306
    2693   2693      1      1      0      1   4323  4343  4345  4325  4324  4344  4346  4326
    2694   2694      1      1      0      1   4343  4363  4365  4345  4344  4364  4366  4346
 
    ELEM    MAT    TYP    REL    ESY    SEC        NODES
 
    2695   2695      1      1      0      1   4363  3937  3935  4365  4364  3938  3936  4366
    2700   2700      1      1      0      1   4245  4265  4267  4247  4246  4266  4268  4248
    2701   2701      1      1      0      1   4265  4285  4287  4267  4266  4286  4288  4268
    2702   2702      1      1      0      1   4285  4305  4307  4287  4286  4306  4308  4288
    2703   2703      1      1      0      1   4305  4325  4327  4307  4306  4326  4328  4308
    2704   2704      1      1      0      1   4325  4345  4347  4327  4326  4346  4348  4328
    2705   2705      1      1      0      1   4345  4365  4367  4347  4346  4366  4368  4348
    2706   2706      1      1      0      1   4365  3935  3933  4367  4366  3936  3934  4368
    2711   2711      1      1      0      1   4247  4267  4269  4249  4248  4268  4270  4250
    2712   2712      1      1      0      1   4267  4287  4289  4269  4268  4288  4290  4270
    2713   2713      1      1      0      1   4287  4307  4309  4289  4288  4308  4310  4290
    2714   2714      1      1      0      1   4307  4327  4329  4309  4308  4328  4330  4310
    2715   2715      1      1      0      1   4327  4347  4349  4329  4328  4348  4350  4330
    2716   2716      1      1      0      1   4347  4367  4369  4349  4348  4368  4370  4350
    2717   2717      1      1      0      1   4367  3933  3931  4369  4368  3934  3932  4370
    2721   2721      1      1      0      1   4229  4249  4251  4231  4230  4250  4252  4232
    2722   2722      1      1      0      1   4249  4269  4271  4251  4250  4270  4272  4252
    2723   2723      1      1      0      1   4269  4289  4291  4271  4270  4290  4292  4272
    2724   2724      1      1      0      1   4289  4309  4311  4291  4290  4310  4312  4292
    2725   2725      1      1      0      1   4309  4329  4331  4311  4310  4330  4332  4312
 
    ELEM    MAT    TYP    REL    ESY    SEC        NODES
 
    2726   2726      1      1      0      1   4329  4349  4351  4331  4330  4350  4352  4332
    2727   2727      1      1      0      1   4349  4369  4371  4351  4350  4370  4372  4352
    2728   2728      1      1      0      1   4369  3931  3929  4371  4370  3932  3930  4372
    2732   2732      1      1      0      1   4231  4251  4253  4233  4232  4252  4254  4234
    2733   2733      1      1      0      1   4251  4271  4273  4253  4252  4272  4274  4254
    2734   2734      1      1      0      1   4271  4291  4293  4273  4272  4292  4294  4274
    2735   2735      1      1      0      1   4291  4311  4313  4293  4292  4312  4314  4294
    2736   2736      1      1      0      1   4311  4331  4333  4313  4312  4332  4334  4314
    2737   2737      1      1      0      1   4331  4351  4353  4333  4332  4352  4354  4334
    2738   2738      1      1      0      1   4351  4371  4373  4353  4352  4372  4374  4354
    2739   2739      1      1      0      1   4371  3929  3927  4373  4372  3930  3928  4374
    2744   2744      1      1      0      1   4253  4273  4275  4255  4254  4274  4276  4256
    2745   2745      1      1      0      1   4273  4293  4295  4275  4274  4294  4296  4276
    2746   2746      1      1      0      1   4293  4313  4315  4295  4294  4314  4316  4296
    2747   2747      1      1      0      1   4313  4333  4335  4315  4314  4334  4336  4316
    2748   2748      1      1      0      1   4333  4353  4355  4335  4334  4354  4356  4336
    2749   2749      1      1      0      1   4353  4373  4375  4355  4354  4374  4376  4356
    2750   2750      1      1      0      1   4373  3927  3925  4375  4374  3928  3926  4376
    2755   2755      1      1      0      1   4255  4275  4277  4257  4256  4276  4278  4258
    2756   2756      1      1      0      1   4275  4295  4297  4277  4276  4296  4298  4278
 
    ELEM    MAT    TYP    REL    ESY    SEC        NODES
 
    2757   2757      1      1      0      1   4295  4315  4317  4297  4296  4316  4318  4298
    2758   2758      1      1      0      1   4315  4335  4337  4317  4316  4336  4338  4318
    2759   2759      1      1      0      1   4335  4355  4357  4337  4336  4356  4358  4338
    2760   2760      1      1      0      1   4355  4375  4377  4357  4356  4376  4378  4358
    2761   2761      1      1      0      1   4375  3925  3923  4377  4376  3926  3924  4378
    2766   2766      1      1      0      1   4257  4277  4279  4259  4258  4278  4280  4260
    2767   2767      1      1      0      1   4277  4297  4299  4279  4278  4298  4300  4280
    2768   2768      1      1      0      1   4297  4317  4319  4299  4298  4318  4320  4300
    2769   2769      1      1      0      1   4317  4337  4339  4319  4318  4338  4340  4320
    2770   2770      1      1      0      1   4337  4357  4359  4339  4338  4358  4360  4340
    2771   2771      1      1      0      1   4357  4377  4379  4359  4358  4378  4380  4360
    2772   2772      1      1      0      1   4377  3923  3921  4379  4378  3924  3922  4380
    2777   2777      1      1      0      1   4259  4279  2413  2415  4260  4280  2414  2416
    2778   2778      1      1      0      1   4279  4299  2411  2413  4280  4300  2412  2414
    2779   2779      1      1      0      1   4299  4319  2409  2411  4300  4320  2410  2412
    2780   2780      1      1      0      1   4319  4339  2407  2409  4320  4340  2408  2410
    2781   2781      1      1      0      1   4339  4359  2405  2407  4340  4360  2406  2408
    2782   2782      1      1      0      1   4359  4379  2403  2405  4360  4380  2404  2406
    2783   2783      1      1      0      1   4379  3921  2401  2403  4380  3922  2402  2404
    2804   2804      1      1      0      1   4342  4362  4364  4344  3613  3623  3624  3614
 
    ELEM    MAT    TYP    REL    ESY    SEC        NODES
 
    2805   2805      1      1      0      1   4362  3940  3938  4364  3623  3532  3531  3624
    2814   2814      1      1      0      1   4324  4344  4346  4326  3604  3614  3615  3605
    2815   2815      1      1      0      1   4344  4364  4366  4346  3614  3624  3625  3615
    2816   2816      1      1      0      1   4364  3938  3936  4366  3624  3531  3530  3625
    2824   2824      1      1      0      1   4306  4326  4328  4308  3595  3605  3606  3596
    2825   2825      1      1      0      1   4326  4346  4348  4328  3605  3615  3616  3606
    2826   2826      1      1      0      1   4346  4366  4368  4348  3615  3625  3626  3616
    2827   2827      1      1      0      1   4366  3936  3934  4368  3625  3530  3529  3626
    2834   2834      1      1      0      1   4288  4308  4310  4290  3586  3596  3597  3587
    2835   2835      1      1      0      1   4308  4328  4330  4310  3596  3606  3607  3597
    2836   2836      1      1      0      1   4328  4348  4350  4330  3606  3616  3617  3607
    2837   2837      1      1      0      1   4348  4368  4370  4350  3616  3626  3627  3617
    2838   2838      1      1      0      1   4368  3934  3932  4370  3626  3529  3528  3627
    2845   2845      1      1      0      1   4290  4310  4312  4292  3587  3597  3598  3588
    2846   2846      1      1      0      1   4310  4330  4332  4312  3597  3607  3608  3598
    2847   2847      1      1      0      1   4330  4350  4352  4332  3607  3617  3618  3608
    2848   2848      1      1      0      1   4350  4370  4372  4352  3617  3627  3628  3618
    2849   2849      1      1      0      1   4370  3932  3930  4372  3627  3528  3527  3628
    2855   2855      1      1      0      1   4272  4292  4294  4274  3578  3588  3589  3579
    2856   2856      1      1      0      1   4292  4312  4314  4294  3588  3598  3599  3589
 
    ELEM    MAT    TYP    REL    ESY    SEC        NODES
 
    2857   2857      1      1      0      1   4312  4332  4334  4314  3598  3608  3609  3599
    2858   2858      1      1      0      1   4332  4352  4354  4334  3608  3618  3619  3609
    2859   2859      1      1      0      1   4352  4372  4374  4354  3618  3628  3629  3619
    2860   2860      1      1      0      1   4372  3930  3928  4374  3628  3527  3526  3629
    2866   2866      1      1      0      1   4274  4294  4296  4276  3579  3589  3590  3580
    2867   2867      1      1      0      1   4294  4314  4316  4296  3589  3599  3600  3590
    2868   2868      1      1      0      1   4314  4334  4336  4316  3599  3609  3610  3600
    2869   2869      1      1      0      1   4334  4354  4356  4336  3609  3619  3620  3610
    2870   2870      1      1      0      1   4354  4374  4376  4356  3619  3629  3630  3620
    2871   2871      1      1      0      1   4374  3928  3926  4376  3629  3526  3525  3630
    2877   2877      1      1      0      1   4276  4296  4298  4278  3580  3590  3591  3581
    2878   2878      1      1      0      1   4296  4316  4318  4298  3590  3600  3601  3591
    2879   2879      1      1      0      1   4316  4336  4338  4318  3600  3610  3611  3601
    2880   2880      1      1      0      1   4336  4356  4358  4338  3610  3620  3621  3611
    2881   2881      1      1      0      1   4356  4376  4378  4358  3620  3630  3631  3621
    2882   2882      1      1      0      1   4376  3926  3924  4378  3630  3525  3524  3631
    2888   2888      1      1      0      1   4278  4298  4300  4280  3581  3591  3592  3582
    2889   2889      1      1      0      1   4298  4318  4320  4300  3591  3601  3602  3592
    2890   2890      1      1      0      1   4318  4338  4340  4320  3601  3611  3612  3602
    2891   2891      1      1      0      1   4338  4358  4360  4340  3611  3621  3622  3612
 
    ELEM    MAT    TYP    REL    ESY    SEC        NODES
 
    2892   2892      1      1      0      1   4358  4378  4380  4360  3621  3631  3632  3622
    2893   2893      1      1      0      1   4378  3924  3922  4380  3631  3524  3523  3632
    2899   2899      1      1      0      1   4280  4300  2412  2414  3582  3592  1979  1980
    2900   2900      1      1      0      1   4300  4320  2410  2412  3592  3602  1978  1979
    2901   2901      1      1      0      1   4320  4340  2408  2410  3602  3612  1977  1978
    2902   2902      1      1      0      1   4340  4360  2406  2408  3612  3622  1976  1977
    2903   2903      1      1      0      1   4360  4380  2404  2406  3622  3632  1975  1976
    2904   2904      1      1      0      1   4380  3922  2402  2404  3632  3523  1974  1975
    2915   2915      1      1      0      1   3138  3128  3148  3349  3979  3919  3959  4561

