
 LIST ALL SELECTED ELEMENTS.  (LIST NODES)
 
    ELEM MAT TYP REL ESY SEC        NODES
 
       1   1   1   1   0   1     36    56    97    35   361   382   400   360
       2   1   1   1   0   1     56    57    96    97   382   383   406   400
       3   1   1   1   0   1     57    58    95    96   383   384   412   406
       4   1   1   1   0   1     58    59    94    95   384   385   418   412
       5   1   1   1   0   1     59    60    93    94   385   386   424   418
       6   1   1   1   0   1     60    61    92    93   386   387   430   424
       7   1   1   1   0   1     61    43    49    92   387   381   399   430
       8   1   1   1   0   1     35    97    91    34   360   400   401   359
       9   1   1   1   0   1     97    96    90    91   400   406   407   401
      10   1   1   1   0   1     96    95    89    90   406   412   413   407
      11   1   1   1   0   1     95    94    88    89   412   418   419   413
      12   1   1   1   0   1     94    93    87    88   418   424   425   419
      13   1   1   1   0   1     93    92    86    87   424   430   431   425
      14   1   1   1   0   1     92    49    48    86   430   399   398   431
      15   1   1   1   0   1     34    91    85    33   359   401   402   358
      16   1   1   1   0   1     91    90    84    85   401   407   408   402
      17   1   1   1   0   1     90    89    83    84   407   413   414   408
      18   1   1   1   0   1     89    88    82    83   413   419   420   414
      19   1   1   1   0   1     88    87    81    82   419   425   426   420
      20   1   1   1   0   1     87    86    80    81   425   431   432   426
 
    ELEM MAT TYP REL ESY SEC        NODES
 
      21   1   1   1   0   1     86    48    47    80   431   398   397   432
      22   1   1   1   0   1     33    85    79    32   358   402   403   357
      23   1   1   1   0   1     85    84    78    79   402   408   409   403
      24   1   1   1   0   1     84    83    77    78   408   414   415   409
      25   1   1   1   0   1     83    82    76    77   414   420   421   415
      26   1   1   1   0   1     82    81    75    76   420   426   427   421
      27   1   1   1   0   1     81    80    74    75   426   432   433   427
      28   1   1   1   0   1     80    47    46    74   432   397   396   433
      29   1   1   1   0   1     32    79    73    31   357   403   404   356
      30   1   1   1   0   1     79    78    72    73   403   409   410   404
      31   1   1   1   0   1     78    77    71    72   409   415   416   410
      32   1   1   1   0   1     77    76    70    71   415   421   422   416
      33   1   1   1   0   1     76    75    69    70   421   427   428   422
      34   1   1   1   0   1     75    74    68    69   427   433   434   428
      35   1   1   1   0   1     74    46    45    68   433   396   395   434
      36   1   1   1   0   1     31    73    67    30   356   404   405   355
      37   1   1   1   0   1     73    72    66    67   404   410   411   405
      38   1   1   1   0   1     72    71    65    66   410   416   417   411
      39   1   1   1   0   1     71    70    64    65   416   422   423   417
      40   1   1   1   0   1     70    69    63    64   422   428   429   423
 
    ELEM MAT TYP REL ESY SEC        NODES
 
      41   1   1   1   0   1     69    68    62    63   428   434   435   429
      42   1   1   1   0   1     68    45    44    62   434   395   394   435
      43   1   1   1   0   1     30    67     3     1   355   405   341   339
      44   1   1   1   0   1     67    66     4     3   405   411   342   341
      45   1   1   1   0   1     66    65     5     4   411   417   343   342
      46   1   1   1   0   1     65    64     6     5   417   423   344   343
      47   1   1   1   0   1     64    63     7     6   423   429   345   344
      48   1   1   1   0   1     63    62     8     7   429   435   346   345
      49   1   1   1   0   1     62    44     9     8   435   394   347   346
      50   1   1   1   0   1    361   382   400   360   205   225   303   206
      51   1   1   1   0   1    382   383   406   400   225   226   309   303
      52   1   1   1   0   1    383   384   412   406   226   227   315   309
      53   1   1   1   0   1    384   385   418   412   227   228   321   315
      54   1   1   1   0   1    385   386   424   418   228   229   327   321
      55   1   1   1   0   1    386   387   430   424   229   230   333   327
      56   1   1   1   0   1    387   381   399   430   230   212   224   333
      57   1   1   1   0   1    360   400   401   359   206   303   304   207
      58   1   1   1   0   1    400   406   407   401   303   309   310   304
      59   1   1   1   0   1    406   412   413   407   309   315   316   310
      60   1   1   1   0   1    412   418   419   413   315   321   322   316
 
    ELEM MAT TYP REL ESY SEC        NODES
 
      61   1   1   1   0   1    418   424   425   419   321   327   328   322
      62   1   1   1   0   1    424   430   431   425   327   333   334   328
      63   1   1   1   0   1    430   399   398   431   333   224   223   334
      64   1   1   1   0   1    359   401   402   358   207   304   305   208
      65   1   1   1   0   1    401   407   408   402   304   310   311   305
      66   1   1   1   0   1    407   413   414   408   310   316   317   311
      67   1   1   1   0   1    413   419   420   414   316   322   323   317
      68   1   1   1   0   1    419   425   426   420   322   328   329   323
      69   1   1   1   0   1    425   431   432   426   328   334   335   329
      70   1   1   1   0   1    431   398   397   432   334   223   222   335
      71   1   1   1   0   1    358   402   403   357   208   305   306   209
      72   1   1   1   0   1    402   408   409   403   305   311   312   306
      73   1   1   1   0   1    408   414   415   409   311   317   318   312
      74   1   1   1   0   1    414   420   421   415   317   323   324   318
      75   1   1   1   0   1    420   426   427   421   323   329   330   324
      76   1   1   1   0   1    426   432   433   427   329   335   336   330
      77   1   1   1   0   1    432   397   396   433   335   222   221   336
      78   1   1   1   0   1    357   403   404   356   209   306   307   210
      79   1   1   1   0   1    403   409   410   404   306   312   313   307
      80   1   1   1   0   1    409   415   416   410   312   318   319   313
 
    ELEM MAT TYP REL ESY SEC        NODES
 
      81   1   1   1   0   1    415   421   422   416   318   324   325   319
      82   1   1   1   0   1    421   427   428   422   324   330   331   325
      83   1   1   1   0   1    427   433   434   428   330   336   337   331
      84   1   1   1   0   1    433   396   395   434   336   221   220   337
      85   1   1   1   0   1    356   404   405   355   210   307   308   211
      86   1   1   1   0   1    404   410   411   405   307   313   314   308
      87   1   1   1   0   1    410   416   417   411   313   319   320   314
      88   1   1   1   0   1    416   422   423   417   319   325   326   320
      89   1   1   1   0   1    422   428   429   423   325   331   332   326
      90   1   1   1   0   1    428   434   435   429   331   337   338   332
      91   1   1   1   0   1    434   395   394   435   337   220   219   338
      92   1   1   1   0   1    355   405   341   339   211   308   186   185
      93   1   1   1   0   1    405   411   342   341   308   314   187   186
      94   1   1   1   0   1    411   417   343   342   314   320   188   187
      95   1   1   1   0   1    417   423   344   343   320   326   189   188
      96   1   1   1   0   1    423   429   345   344   326   332   190   189
      97   1   1   1   0   1    429   435   346   345   332   338   191   190
      98   1   1   1   0   1    435   394   347   346   338   219   192   191
      99   1   1   1   0   1     23    50   169    24   374   388   436   375
     100   1   1   1   0   1     50    51   168   169   388   389   442   436
 
    ELEM MAT TYP REL ESY SEC        NODES
 
     101   1   1   1   0   1     51    52   167   168   389   390   448   442
     102   1   1   1   0   1     52    53   166   167   390   391   454   448
     103   1   1   1   0   1     53    54   165   166   391   392   460   454
     104   1   1   1   0   1     54    55   164   165   392   393   466   460
     105   1   1   1   0   1     55    43    61   164   393   381   387   466
     106   1   1   1   0   1     24   169   163    25   375   436   437   376
     107   1   1   1   0   1    169   168   162   163   436   442   443   437
     108   1   1   1   0   1    168   167   161   162   442   448   449   443
     109   1   1   1   0   1    167   166   160   161   448   454   455   449
     110   1   1   1   0   1    166   165   159   160   454   460   461   455
     111   1   1   1   0   1    165   164   158   159   460   466   467   461
     112   1   1   1   0   1    164    61    60   158   466   387   386   467
     113   1   1   1   0   1     25   163   157    26   376   437   438   377
     114   1   1   1   0   1    163   162   156   157   437   443   444   438
     115   1   1   1   0   1    162   161   155   156   443   449   450   444
     116   1   1   1   0   1    161   160   154   155   449   455   456   450
     117   1   1   1   0   1    160   159   153   154   455   461   462   456
     118   1   1   1   0   1    159   158   152   153   461   467   468   462
     119   1   1   1   0   1    158    60    59   152   467   386   385   468
     120   1   1   1   0   1     26   157   151    27   377   438   439   378
 
    ELEM MAT TYP REL ESY SEC        NODES
 
     121   1   1   1   0   1    157   156   150   151   438   444   445   439
     122   1   1   1   0   1    156   155   149   150   444   450   451   445
     123   1   1   1   0   1    155   154   148   149   450   456   457   451
     124   1   1   1   0   1    154   153   147   148   456   462   463   457
     125   1   1   1   0   1    153   152   146   147   462   468   469   463
     126   1   1   1   0   1    152    59    58   146   468   385   384   469
     127   1   1   1   0   1     27   151   145    28   378   439   440   379
     128   1   1   1   0   1    151   150   144   145   439   445   446   440
     129   1   1   1   0   1    150   149   143   144   445   451   452   446
     130   1   1   1   0   1    149   148   142   143   451   457   458   452
     131   1   1   1   0   1    148   147   141   142   457   463   464   458
     132   1   1   1   0   1    147   146   140   141   463   469   470   464
     133   1   1   1   0   1    146    58    57   140   469   384   383   470
     134   1   1   1   0   1     28   145   139    29   379   440   441   380
     135   1   1   1   0   1    145   144   138   139   440   446   447   441
     136   1   1   1   0   1    144   143   137   138   446   452   453   447
     137   1   1   1   0   1    143   142   136   137   452   458   459   453
     138   1   1   1   0   1    142   141   135   136   458   464   465   459
     139   1   1   1   0   1    141   140   134   135   464   470   471   465
     140   1   1   1   0   1    140    57    56   134   470   383   382   471
 
    ELEM MAT TYP REL ESY SEC        NODES
 
     141   1   1   1   0   1     29   139    42    16   380   441   367   354
     142   1   1   1   0   1    139   138    41    42   441   447   366   367
     143   1   1   1   0   1    138   137    40    41   447   453   365   366
     144   1   1   1   0   1    137   136    39    40   453   459   364   365
     145   1   1   1   0   1    136   135    38    39   459   465   363   364
     146   1   1   1   0   1    135   134    37    38   465   471   362   363
     147   1   1   1   0   1    134    56    36    37   471   382   361   362
     148   1   1   1   0   1    374   388   436   375   178   213   231   177
     149   1   1   1   0   1    388   389   442   436   213   214   237   231
     150   1   1   1   0   1    389   390   448   442   214   215   243   237
     151   1   1   1   0   1    390   391   454   448   215   216   249   243
     152   1   1   1   0   1    391   392   460   454   216   217   255   249
     153   1   1   1   0   1    392   393   466   460   217   218   261   255
     154   1   1   1   0   1    393   381   387   466   218   212   230   261
     155   1   1   1   0   1    375   436   437   376   177   231   232   176
     156   1   1   1   0   1    436   442   443   437   231   237   238   232
     157   1   1   1   0   1    442   448   449   443   237   243   244   238
     158   1   1   1   0   1    448   454   455   449   243   249   250   244
     159   1   1   1   0   1    454   460   461   455   249   255   256   250
     160   1   1   1   0   1    460   466   467   461   255   261   262   256
 
    ELEM MAT TYP REL ESY SEC        NODES
 
     161   1   1   1   0   1    466   387   386   467   261   230   229   262
     162   1   1   1   0   1    376   437   438   377   176   232   233   175
     163   1   1   1   0   1    437   443   444   438   232   238   239   233
     164   1   1   1   0   1    443   449   450   444   238   244   245   239
     165   1   1   1   0   1    449   455   456   450   244   250   251   245
     166   1   1   1   0   1    455   461   462   456   250   256   257   251
     167   1   1   1   0   1    461   467   468   462   256   262   263   257
     168   1   1   1   0   1    467   386   385   468   262   229   228   263
     169   1   1   1   0   1    377   438   439   378   175   233   234   174
     170   1   1   1   0   1    438   444   445   439   233   239   240   234
     171   1   1   1   0   1    444   450   451   445   239   245   246   240
     172   1   1   1   0   1    450   456   457   451   245   251   252   246
     173   1   1   1   0   1    456   462   463   457   251   257   258   252
     174   1   1   1   0   1    462   468   469   463   257   263   264   258
     175   1   1   1   0   1    468   385   384   469   263   228   227   264
     176   1   1   1   0   1    378   439   440   379   174   234   235   173
     177   1   1   1   0   1    439   445   446   440   234   240   241   235
     178   1   1   1   0   1    445   451   452   446   240   246   247   241
     179   1   1   1   0   1    451   457   458   452   246   252   253   247
     180   1   1   1   0   1    457   463   464   458   252   258   259   253
 
    ELEM MAT TYP REL ESY SEC        NODES
 
     181   1   1   1   0   1    463   469   470   464   258   264   265   259
     182   1   1   1   0   1    469   384   383   470   264   227   226   265
     183   1   1   1   0   1    379   440   441   380   173   235   236   172
     184   1   1   1   0   1    440   446   447   441   235   241   242   236
     185   1   1   1   0   1    446   452   453   447   241   247   248   242
     186   1   1   1   0   1    452   458   459   453   247   253   254   248
     187   1   1   1   0   1    458   464   465   459   253   259   260   254
     188   1   1   1   0   1    464   470   471   465   259   265   266   260
     189   1   1   1   0   1    470   383   382   471   265   226   225   266
     190   1   1   1   0   1    380   441   367   354   172   236   199   170
     191   1   1   1   0   1    441   447   366   367   236   242   200   199
     192   1   1   1   0   1    447   453   365   366   242   248   201   200
     193   1   1   1   0   1    453   459   364   365   248   254   202   201
     194   1   1   1   0   1    459   465   363   364   254   260   203   202
     195   1   1   1   0   1    465   471   362   363   260   266   204   203
     196   1   1   1   0   1    471   382   361   362   266   225   205   204
     197   1   1   1   0   1      9    44   133    10   347   394   472   348
     198   1   1   1   0   1     44    45   132   133   394   395   478   472
     199   1   1   1   0   1     45    46   131   132   395   396   484   478
     200   1   1   1   0   1     46    47   130   131   396   397   490   484
 
    ELEM MAT TYP REL ESY SEC        NODES
 
     201   1   1   1   0   1     47    48   129   130   397   398   496   490
     202   1   1   1   0   1     48    49   128   129   398   399   502   496
     203   1   1   1   0   1     49    43    55   128   399   381   393   502
     204   1   1   1   0   1     10   133   127    11   348   472   473   349
     205   1   1   1   0   1    133   132   126   127   472   478   479   473
     206   1   1   1   0   1    132   131   125   126   478   484   485   479
     207   1   1   1   0   1    131   130   124   125   484   490   491   485
     208   1   1   1   0   1    130   129   123   124   490   496   497   491
     209   1   1   1   0   1    129   128   122   123   496   502   503   497
     210   1   1   1   0   1    128    55    54   122   502   393   392   503
     211   1   1   1   0   1     11   127   121    12   349   473   474   350
     212   1   1   1   0   1    127   126   120   121   473   479   480   474
     213   1   1   1   0   1    126   125   119   120   479   485   486   480
     214   1   1   1   0   1    125   124   118   119   485   491   492   486
     215   1   1   1   0   1    124   123   117   118   491   497   498   492
     216   1   1   1   0   1    123   122   116   117   497   503   504   498
     217   1   1   1   0   1    122    54    53   116   503   392   391   504
     218   1   1   1   0   1     12   121   115    13   350   474   475   351
     219   1   1   1   0   1    121   120   114   115   474   480   481   475
     220   1   1   1   0   1    120   119   113   114   480   486   487   481
 
    ELEM MAT TYP REL ESY SEC        NODES
 
     221   1   1   1   0   1    119   118   112   113   486   492   493   487
     222   1   1   1   0   1    118   117   111   112   492   498   499   493
     223   1   1   1   0   1    117   116   110   111   498   504   505   499
     224   1   1   1   0   1    116    53    52   110   504   391   390   505
     225   1   1   1   0   1     13   115   109    14   351   475   476   352
     226   1   1   1   0   1    115   114   108   109   475   481   482   476
     227   1   1   1   0   1    114   113   107   108   481   487   488   482
     228   1   1   1   0   1    113   112   106   107   487   493   494   488
     229   1   1   1   0   1    112   111   105   106   493   499   500   494
     230   1   1   1   0   1    111   110   104   105   499   505   506   500
     231   1   1   1   0   1    110    52    51   104   505   390   389   506
     232   1   1   1   0   1     14   109   103    15   352   476   477   353
     233   1   1   1   0   1    109   108   102   103   476   482   483   477
     234   1   1   1   0   1    108   107   101   102   482   488   489   483
     235   1   1   1   0   1    107   106   100   101   488   494   495   489
     236   1   1   1   0   1    106   105    99   100   494   500   501   495
     237   1   1   1   0   1    105   104    98    99   500   506   507   501
     238   1   1   1   0   1    104    51    50    98   506   389   388   507
     239   1   1   1   0   1     15   103    17     2   353   477   368   340
     240   1   1   1   0   1    103   102    18    17   477   483   369   368
 
    ELEM MAT TYP REL ESY SEC        NODES
 
     241   1   1   1   0   1    102   101    19    18   483   489   370   369
     242   1   1   1   0   1    101   100    20    19   489   495   371   370
     243   1   1   1   0   1    100    99    21    20   495   501   372   371
     244   1   1   1   0   1     99    98    22    21   501   507   373   372
     245   1   1   1   0   1     98    50    23    22   507   388   374   373
     246   1   1   1   0   1    347   394   472   348   192   219   267   193
     247   1   1   1   0   1    394   395   478   472   219   220   273   267
     248   1   1   1   0   1    395   396   484   478   220   221   279   273
     249   1   1   1   0   1    396   397   490   484   221   222   285   279
     250   1   1   1   0   1    397   398   496   490   222   223   291   285
     251   1   1   1   0   1    398   399   502   496   223   224   297   291
     252   1   1   1   0   1    399   381   393   502   224   212   218   297
     253   1   1   1   0   1    348   472   473   349   193   267   268   194
     254   1   1   1   0   1    472   478   479   473   267   273   274   268
     255   1   1   1   0   1    478   484   485   479   273   279   280   274
     256   1   1   1   0   1    484   490   491   485   279   285   286   280
     257   1   1   1   0   1    490   496   497   491   285   291   292   286
     258   1   1   1   0   1    496   502   503   497   291   297   298   292
     259   1   1   1   0   1    502   393   392   503   297   218   217   298
     260   1   1   1   0   1    349   473   474   350   194   268   269   195
 
    ELEM MAT TYP REL ESY SEC        NODES
 
     261   1   1   1   0   1    473   479   480   474   268   274   275   269
     262   1   1   1   0   1    479   485   486   480   274   280   281   275
     263   1   1   1   0   1    485   491   492   486   280   286   287   281
     264   1   1   1   0   1    491   497   498   492   286   292   293   287
     265   1   1   1   0   1    497   503   504   498   292   298   299   293
     266   1   1   1   0   1    503   392   391   504   298   217   216   299
     267   1   1   1   0   1    350   474   475   351   195   269   270   196
     268   1   1   1   0   1    474   480   481   475   269   275   276   270
     269   1   1   1   0   1    480   486   487   481   275   281   282   276
     270   1   1   1   0   1    486   492   493   487   281   287   288   282
     271   1   1   1   0   1    492   498   499   493   287   293   294   288
     272   1   1   1   0   1    498   504   505   499   293   299   300   294
     273   1   1   1   0   1    504   391   390   505   299   216   215   300
     274   1   1   1   0   1    351   475   476   352   196   270   271   197
     275   1   1   1   0   1    475   481   482   476   270   276   277   271
     276   1   1   1   0   1    481   487   488   482   276   282   283   277
     277   1   1   1   0   1    487   493   494   488   282   288   289   283
     278   1   1   1   0   1    493   499   500   494   288   294   295   289
     279   1   1   1   0   1    499   505   506   500   294   300   301   295
     280   1   1   1   0   1    505   390   389   506   300   215   214   301
 
    ELEM MAT TYP REL ESY SEC        NODES
 
     281   1   1   1   0   1    352   476   477   353   197   271   272   198
     282   1   1   1   0   1    476   482   483   477   271   277   278   272
     283   1   1   1   0   1    482   488   489   483   277   283   284   278
     284   1   1   1   0   1    488   494   495   489   283   289   290   284
     285   1   1   1   0   1    494   500   501   495   289   295   296   290
     286   1   1   1   0   1    500   506   507   501   295   301   302   296
     287   1   1   1   0   1    506   389   388   507   301   214   213   302
     288   1   1   1   0   1    353   477   368   340   198   272   184   171
     289   1   1   1   0   1    477   483   369   368   272   278   183   184
     290   1   1   1   0   1    483   489   370   369   278   284   182   183
     291   1   1   1   0   1    489   495   371   370   284   290   181   182
     292   1   1   1   0   1    495   501   372   371   290   296   180   181
     293   1   1   1   0   1    501   507   373   372   296   302   179   180
     294   1   1   1   0   1    507   388   374   373   302   213   178   179
     295   1   1   1   0   1     23   548   589    22   374   844   862   373
     296   1   1   1   0   1    548   549   588   589   844   845   868   862
     297   1   1   1   0   1    549   550   587   588   845   846   874   868
     298   1   1   1   0   1    550   551   586   587   846   847   880   874
     299   1   1   1   0   1    551   552   585   586   847   848   886   880
     300   1   1   1   0   1    552   553   584   585   848   849   892   886
 
    ELEM MAT TYP REL ESY SEC        NODES
 
     301   1   1   1   0   1    553   535   541   584   849   843   861   892
     302   1   1   1   0   1     22   589   583    21   373   862   863   372
     303   1   1   1   0   1    589   588   582   583   862   868   869   863
     304   1   1   1   0   1    588   587   581   582   868   874   875   869
     305   1   1   1   0   1    587   586   580   581   874   880   881   875
     306   1   1   1   0   1    586   585   579   580   880   886   887   881
     307   1   1   1   0   1    585   584   578   579   886   892   893   887
     308   1   1   1   0   1    584   541   540   578   892   861   860   893
     309   1   1   1   0   1     21   583   577    20   372   863   864   371
     310   1   1   1   0   1    583   582   576   577   863   869   870   864
     311   1   1   1   0   1    582   581   575   576   869   875   876   870
     312   1   1   1   0   1    581   580   574   575   875   881   882   876
     313   1   1   1   0   1    580   579   573   574   881   887   888   882
     314   1   1   1   0   1    579   578   572   573   887   893   894   888
     315   1   1   1   0   1    578   540   539   572   893   860   859   894
     316   1   1   1   0   1     20   577   571    19   371   864   865   370
     317   1   1   1   0   1    577   576   570   571   864   870   871   865
     318   1   1   1   0   1    576   575   569   570   870   876   877   871
     319   1   1   1   0   1    575   574   568   569   876   882   883   877
     320   1   1   1   0   1    574   573   567   568   882   888   889   883
 
    ELEM MAT TYP REL ESY SEC        NODES
 
     321   1   1   1   0   1    573   572   566   567   888   894   895   889
     322   1   1   1   0   1    572   539   538   566   894   859   858   895
     323   1   1   1   0   1     19   571   565    18   370   865   866   369
     324   1   1   1   0   1    571   570   564   565   865   871   872   866
     325   1   1   1   0   1    570   569   563   564   871   877   878   872
     326   1   1   1   0   1    569   568   562   563   877   883   884   878
     327   1   1   1   0   1    568   567   561   562   883   889   890   884
     328   1   1   1   0   1    567   566   560   561   889   895   896   890
     329   1   1   1   0   1    566   538   537   560   895   858   857   896
     330   1   1   1   0   1     18   565   559    17   369   866   867   368
     331   1   1   1   0   1    565   564   558   559   866   872   873   867
     332   1   1   1   0   1    564   563   557   558   872   878   879   873
     333   1   1   1   0   1    563   562   556   557   878   884   885   879
     334   1   1   1   0   1    562   561   555   556   884   890   891   885
     335   1   1   1   0   1    561   560   554   555   890   896   897   891
     336   1   1   1   0   1    560   537   536   554   896   857   856   897
     337   1   1   1   0   1     17   559   509     2   368   867   817   340
     338   1   1   1   0   1    559   558   510   509   867   873   818   817
     339   1   1   1   0   1    558   557   511   510   873   879   819   818
     340   1   1   1   0   1    557   556   512   511   879   885   820   819
 
    ELEM MAT TYP REL ESY SEC        NODES
 
     341   1   1   1   0   1    556   555   513   512   885   891   821   820
     342   1   1   1   0   1    555   554   514   513   891   897   822   821
     343   1   1   1   0   1    554   536   515   514   897   856   823   822
     344   1   1   1   0   1    374   844   862   373   178   702   780   179
     345   1   1   1   0   1    844   845   868   862   702   703   786   780
     346   1   1   1   0   1    845   846   874   868   703   704   792   786
     347   1   1   1   0   1    846   847   880   874   704   705   798   792
     348   1   1   1   0   1    847   848   886   880   705   706   804   798
     349   1   1   1   0   1    848   849   892   886   706   707   810   804
     350   1   1   1   0   1    849   843   861   892   707   689   701   810
     351   1   1   1   0   1    373   862   863   372   179   780   781   180
     352   1   1   1   0   1    862   868   869   863   780   786   787   781
     353   1   1   1   0   1    868   874   875   869   786   792   793   787
     354   1   1   1   0   1    874   880   881   875   792   798   799   793
     355   1   1   1   0   1    880   886   887   881   798   804   805   799
     356   1   1   1   0   1    886   892   893   887   804   810   811   805
     357   1   1   1   0   1    892   861   860   893   810   701   700   811
     358   1   1   1   0   1    372   863   864   371   180   781   782   181
     359   1   1   1   0   1    863   869   870   864   781   787   788   782
     360   1   1   1   0   1    869   875   876   870   787   793   794   788
 
    ELEM MAT TYP REL ESY SEC        NODES
 
     361   1   1   1   0   1    875   881   882   876   793   799   800   794
     362   1   1   1   0   1    881   887   888   882   799   805   806   800
     363   1   1   1   0   1    887   893   894   888   805   811   812   806
     364   1   1   1   0   1    893   860   859   894   811   700   699   812
     365   1   1   1   0   1    371   864   865   370   181   782   783   182
     366   1   1   1   0   1    864   870   871   865   782   788   789   783
     367   1   1   1   0   1    870   876   877   871   788   794   795   789
     368   1   1   1   0   1    876   882   883   877   794   800   801   795
     369   1   1   1   0   1    882   888   889   883   800   806   807   801
     370   1   1   1   0   1    888   894   895   889   806   812   813   807
     371   1   1   1   0   1    894   859   858   895   812   699   698   813
     372   1   1   1   0   1    370   865   866   369   182   783   784   183
     373   1   1   1   0   1    865   871   872   866   783   789   790   784
     374   1   1   1   0   1    871   877   878   872   789   795   796   790
     375   1   1   1   0   1    877   883   884   878   795   801   802   796
     376   1   1   1   0   1    883   889   890   884   801   807   808   802
     377   1   1   1   0   1    889   895   896   890   807   813   814   808
     378   1   1   1   0   1    895   858   857   896   813   698   697   814
     379   1   1   1   0   1    369   866   867   368   183   784   785   184
     380   1   1   1   0   1    866   872   873   867   784   790   791   785
 
    ELEM MAT TYP REL ESY SEC        NODES
 
     381   1   1   1   0   1    872   878   879   873   790   796   797   791
     382   1   1   1   0   1    878   884   885   879   796   802   803   797
     383   1   1   1   0   1    884   890   891   885   802   808   809   803
     384   1   1   1   0   1    890   896   897   891   808   814   815   809
     385   1   1   1   0   1    896   857   856   897   814   697   696   815
     386   1   1   1   0   1    368   867   817   340   184   785   676   171
     387   1   1   1   0   1    867   873   818   817   785   791   677   676
     388   1   1   1   0   1    873   879   819   818   791   797   678   677
     389   1   1   1   0   1    879   885   820   819   797   803   679   678
     390   1   1   1   0   1    885   891   821   820   803   809   680   679
     391   1   1   1   0   1    891   897   822   821   809   815   681   680
     392   1   1   1   0   1    897   856   823   822   815   696   682   681
     393   1   1   1   0   1    528   542   661   529   836   850   898   837
     394   1   1   1   0   1    542   543   660   661   850   851   904   898
     395   1   1   1   0   1    543   544   659   660   851   852   910   904
     396   1   1   1   0   1    544   545   658   659   852   853   916   910
     397   1   1   1   0   1    545   546   657   658   853   854   922   916
     398   1   1   1   0   1    546   547   656   657   854   855   928   922
     399   1   1   1   0   1    547   535   553   656   855   843   849   928
     400   1   1   1   0   1    529   661   655   530   837   898   899   838
 
    ELEM MAT TYP REL ESY SEC        NODES
 
     401   1   1   1   0   1    661   660   654   655   898   904   905   899
     402   1   1   1   0   1    660   659   653   654   904   910   911   905
     403   1   1   1   0   1    659   658   652   653   910   916   917   911
     404   1   1   1   0   1    658   657   651   652   916   922   923   917
     405   1   1   1   0   1    657   656   650   651   922   928   929   923
     406   1   1   1   0   1    656   553   552   650   928   849   848   929
     407   1   1   1   0   1    530   655   649   531   838   899   900   839
     408   1   1   1   0   1    655   654   648   649   899   905   906   900
     409   1   1   1   0   1    654   653   647   648   905   911   912   906
     410   1   1   1   0   1    653   652   646   647   911   917   918   912
     411   1   1   1   0   1    652   651   645   646   917   923   924   918
     412   1   1   1   0   1    651   650   644   645   923   929   930   924
     413   1   1   1   0   1    650   552   551   644   929   848   847   930
     414   1   1   1   0   1    531   649   643   532   839   900   901   840
     415   1   1   1   0   1    649   648   642   643   900   906   907   901
     416   1   1   1   0   1    648   647   641   642   906   912   913   907
     417   1   1   1   0   1    647   646   640   641   912   918   919   913
     418   1   1   1   0   1    646   645   639   640   918   924   925   919
     419   1   1   1   0   1    645   644   638   639   924   930   931   925
     420   1   1   1   0   1    644   551   550   638   930   847   846   931
 
    ELEM MAT TYP REL ESY SEC        NODES
 
     421   1   1   1   0   1    532   643   637   533   840   901   902   841
     422   1   1   1   0   1    643   642   636   637   901   907   908   902
     423   1   1   1   0   1    642   641   635   636   907   913   914   908
     424   1   1   1   0   1    641   640   634   635   913   919   920   914
     425   1   1   1   0   1    640   639   633   634   919   925   926   920
     426   1   1   1   0   1    639   638   632   633   925   931   932   926
     427   1   1   1   0   1    638   550   549   632   931   846   845   932
     428   1   1   1   0   1    533   637   631   534   841   902   903   842
     429   1   1   1   0   1    637   636   630   631   902   908   909   903
     430   1   1   1   0   1    636   635   629   630   908   914   915   909
     431   1   1   1   0   1    635   634   628   629   914   920   921   915
     432   1   1   1   0   1    634   633   627   628   920   926   927   921
     433   1   1   1   0   1    633   632   626   627   926   932   933   927
     434   1   1   1   0   1    632   549   548   626   932   845   844   933
     435   1   1   1   0   1    534   631    29    16   842   903   380   354
     436   1   1   1   0   1    631   630    28    29   903   909   379   380
     437   1   1   1   0   1    630   629    27    28   909   915   378   379
     438   1   1   1   0   1    629   628    26    27   915   921   377   378
     439   1   1   1   0   1    628   627    25    26   921   927   376   377
     440   1   1   1   0   1    627   626    24    25   927   933   375   376
 
    ELEM MAT TYP REL ESY SEC        NODES
 
     441   1   1   1   0   1    626   548    23    24   933   844   374   375
     442   1   1   1   0   1    836   850   898   837   669   690   708   668
     443   1   1   1   0   1    850   851   904   898   690   691   714   708
     444   1   1   1   0   1    851   852   910   904   691   692   720   714
     445   1   1   1   0   1    852   853   916   910   692   693   726   720
     446   1   1   1   0   1    853   854   922   916   693   694   732   726
     447   1   1   1   0   1    854   855   928   922   694   695   738   732
     448   1   1   1   0   1    855   843   849   928   695   689   707   738
     449   1   1   1   0   1    837   898   899   838   668   708   709   667
     450   1   1   1   0   1    898   904   905   899   708   714   715   709
     451   1   1   1   0   1    904   910   911   905   714   720   721   715
     452   1   1   1   0   1    910   916   917   911   720   726   727   721
     453   1   1   1   0   1    916   922   923   917   726   732   733   727
     454   1   1   1   0   1    922   928   929   923   732   738   739   733
     455   1   1   1   0   1    928   849   848   929   738   707   706   739
     456   1   1   1   0   1    838   899   900   839   667   709   710   666
     457   1   1   1   0   1    899   905   906   900   709   715   716   710
     458   1   1   1   0   1    905   911   912   906   715   721   722   716
     459   1   1   1   0   1    911   917   918   912   721   727   728   722
     460   1   1   1   0   1    917   923   924   918   727   733   734   728
 
    ELEM MAT TYP REL ESY SEC        NODES
 
     461   1   1   1   0   1    923   929   930   924   733   739   740   734
     462   1   1   1   0   1    929   848   847   930   739   706   705   740
     463   1   1   1   0   1    839   900   901   840   666   710   711   665
     464   1   1   1   0   1    900   906   907   901   710   716   717   711
     465   1   1   1   0   1    906   912   913   907   716   722   723   717
     466   1   1   1   0   1    912   918   919   913   722   728   729   723
     467   1   1   1   0   1    918   924   925   919   728   734   735   729
     468   1   1   1   0   1    924   930   931   925   734   740   741   735
     469   1   1   1   0   1    930   847   846   931   740   705   704   741
     470   1   1   1   0   1    840   901   902   841   665   711   712   664
     471   1   1   1   0   1    901   907   908   902   711   717   718   712
     472   1   1   1   0   1    907   913   914   908   717   723   724   718
     473   1   1   1   0   1    913   919   920   914   723   729   730   724
     474   1   1   1   0   1    919   925   926   920   729   735   736   730
     475   1   1   1   0   1    925   931   932   926   735   741   742   736
     476   1   1   1   0   1    931   846   845   932   741   704   703   742
     477   1   1   1   0   1    841   902   903   842   664   712   713   663
     478   1   1   1   0   1    902   908   909   903   712   718   719   713
     479   1   1   1   0   1    908   914   915   909   718   724   725   719
     480   1   1   1   0   1    914   920   921   915   724   730   731   725
 
    ELEM MAT TYP REL ESY SEC        NODES
 
     481   1   1   1   0   1    920   926   927   921   730   736   737   731
     482   1   1   1   0   1    926   932   933   927   736   742   743   737
     483   1   1   1   0   1    932   845   844   933   742   703   702   743
     484   1   1   1   0   1    842   903   380   354   663   713   172   170
     485   1   1   1   0   1    903   909   379   380   713   719   173   172
     486   1   1   1   0   1    909   915   378   379   719   725   174   173
     487   1   1   1   0   1    915   921   377   378   725   731   175   174
     488   1   1   1   0   1    921   927   376   377   731   737   176   175
     489   1   1   1   0   1    927   933   375   376   737   743   177   176
     490   1   1   1   0   1    933   844   374   375   743   702   178   177
     491   1   1   1   0   1    515   536   625   516   823   856   934   824
     492   1   1   1   0   1    536   537   624   625   856   857   940   934
     493   1   1   1   0   1    537   538   623   624   857   858   946   940
     494   1   1   1   0   1    538   539   622   623   858   859   952   946
     495   1   1   1   0   1    539   540   621   622   859   860   958   952
     496   1   1   1   0   1    540   541   620   621   860   861   964   958
     497   1   1   1   0   1    541   535   547   620   861   843   855   964
     498   1   1   1   0   1    516   625   619   517   824   934   935   825
     499   1   1   1   0   1    625   624   618   619   934   940   941   935
     500   1   1   1   0   1    624   623   617   618   940   946   947   941
 
    ELEM MAT TYP REL ESY SEC        NODES
 
     501   1   1   1   0   1    623   622   616   617   946   952   953   947
     502   1   1   1   0   1    622   621   615   616   952   958   959   953
     503   1   1   1   0   1    621   620   614   615   958   964   965   959
     504   1   1   1   0   1    620   547   546   614   964   855   854   965
     505   1   1   1   0   1    517   619   613   518   825   935   936   826
     506   1   1   1   0   1    619   618   612   613   935   941   942   936
     507   1   1   1   0   1    618   617   611   612   941   947   948   942
     508   1   1   1   0   1    617   616   610   611   947   953   954   948
     509   1   1   1   0   1    616   615   609   610   953   959   960   954
     510   1   1   1   0   1    615   614   608   609   959   965   966   960
     511   1   1   1   0   1    614   546   545   608   965   854   853   966
     512   1   1   1   0   1    518   613   607   519   826   936   937   827
     513   1   1   1   0   1    613   612   606   607   936   942   943   937
     514   1   1   1   0   1    612   611   605   606   942   948   949   943
     515   1   1   1   0   1    611   610   604   605   948   954   955   949
     516   1   1   1   0   1    610   609   603   604   954   960   961   955
     517   1   1   1   0   1    609   608   602   603   960   966   967   961
     518   1   1   1   0   1    608   545   544   602   966   853   852   967
     519   1   1   1   0   1    519   607   601   520   827   937   938   828
     520   1   1   1   0   1    607   606   600   601   937   943   944   938
 
    ELEM MAT TYP REL ESY SEC        NODES
 
     521   1   1   1   0   1    606   605   599   600   943   949   950   944
     522   1   1   1   0   1    605   604   598   599   949   955   956   950
     523   1   1   1   0   1    604   603   597   598   955   961   962   956
     524   1   1   1   0   1    603   602   596   597   961   967   968   962
     525   1   1   1   0   1    602   544   543   596   967   852   851   968
     526   1   1   1   0   1    520   601   595   521   828   938   939   829
     527   1   1   1   0   1    601   600   594   595   938   944   945   939
     528   1   1   1   0   1    600   599   593   594   944   950   951   945
     529   1   1   1   0   1    599   598   592   593   950   956   957   951
     530   1   1   1   0   1    598   597   591   592   956   962   963   957
     531   1   1   1   0   1    597   596   590   591   962   968   969   963
     532   1   1   1   0   1    596   543   542   590   968   851   850   969
     533   1   1   1   0   1    521   595   522   508   829   939   830   816
     534   1   1   1   0   1    595   594   523   522   939   945   831   830
     535   1   1   1   0   1    594   593   524   523   945   951   832   831
     536   1   1   1   0   1    593   592   525   524   951   957   833   832
     537   1   1   1   0   1    592   591   526   525   957   963   834   833
     538   1   1   1   0   1    591   590   527   526   963   969   835   834
     539   1   1   1   0   1    590   542   528   527   969   850   836   835
     540   1   1   1   0   1    823   856   934   824   682   696   744   683
 
    ELEM MAT TYP REL ESY SEC        NODES
 
     541   1   1   1   0   1    856   857   940   934   696   697   750   744
     542   1   1   1   0   1    857   858   946   940   697   698   756   750
     543   1   1   1   0   1    858   859   952   946   698   699   762   756
     544   1   1   1   0   1    859   860   958   952   699   700   768   762
     545   1   1   1   0   1    860   861   964   958   700   701   774   768
     546   1   1   1   0   1    861   843   855   964   701   689   695   774
     547   1   1   1   0   1    824   934   935   825   683   744   745   684
     548   1   1   1   0   1    934   940   941   935   744   750   751   745
     549   1   1   1   0   1    940   946   947   941   750   756   757   751
     550   1   1   1   0   1    946   952   953   947   756   762   763   757
     551   1   1   1   0   1    952   958   959   953   762   768   769   763
     552   1   1   1   0   1    958   964   965   959   768   774   775   769
     553   1   1   1   0   1    964   855   854   965   774   695   694   775
     554   1   1   1   0   1    825   935   936   826   684   745   746   685
     555   1   1   1   0   1    935   941   942   936   745   751   752   746
     556   1   1   1   0   1    941   947   948   942   751   757   758   752
     557   1   1   1   0   1    947   953   954   948   757   763   764   758
     558   1   1   1   0   1    953   959   960   954   763   769   770   764
     559   1   1   1   0   1    959   965   966   960   769   775   776   770
     560   1   1   1   0   1    965   854   853   966   775   694   693   776
 
    ELEM MAT TYP REL ESY SEC        NODES
 
     561   1   1   1   0   1    826   936   937   827   685   746   747   686
     562   1   1   1   0   1    936   942   943   937   746   752   753   747
     563   1   1   1   0   1    942   948   949   943   752   758   759   753
     564   1   1   1   0   1    948   954   955   949   758   764   765   759
     565   1   1   1   0   1    954   960   961   955   764   770   771   765
     566   1   1   1   0   1    960   966   967   961   770   776   777   771
     567   1   1   1   0   1    966   853   852   967   776   693   692   777
     568   1   1   1   0   1    827   937   938   828   686   747   748   687
     569   1   1   1   0   1    937   943   944   938   747   753   754   748
     570   1   1   1   0   1    943   949   950   944   753   759   760   754
     571   1   1   1   0   1    949   955   956   950   759   765   766   760
     572   1   1   1   0   1    955   961   962   956   765   771   772   766
     573   1   1   1   0   1    961   967   968   962   771   777   778   772
     574   1   1   1   0   1    967   852   851   968   777   692   691   778
     575   1   1   1   0   1    828   938   939   829   687   748   749   688
     576   1   1   1   0   1    938   944   945   939   748   754   755   749
     577   1   1   1   0   1    944   950   951   945   754   760   761   755
     578   1   1   1   0   1    950   956   957   951   760   766   767   761
     579   1   1   1   0   1    956   962   963   957   766   772   773   767
     580   1   1   1   0   1    962   968   969   963   772   778   779   773
 
    ELEM MAT TYP REL ESY SEC        NODES
 
     581   1   1   1   0   1    968   851   850   969   778   691   690   779
     582   1   1   1   0   1    829   939   830   816   688   749   675   662
     583   1   1   1   0   1    939   945   831   830   749   755   674   675
     584   1   1   1   0   1    945   951   832   831   755   761   673   674
     585   1   1   1   0   1    951   957   833   832   761   767   672   673
     586   1   1   1   0   1    957   963   834   833   767   773   671   672
     587   1   1   1   0   1    963   969   835   834   773   779   670   671
     588   1   1   1   0   1    969   850   836   835   779   690   669   670
     589   1   1   1   0   1    528  1010  1051   527   836  1306  1324   835
     590   1   1   1   0   1   1010  1011  1050  1051  1306  1307  1330  1324
     591   1   1   1   0   1   1011  1012  1049  1050  1307  1308  1336  1330
     592   1   1   1   0   1   1012  1013  1048  1049  1308  1309  1342  1336
     593   1   1   1   0   1   1013  1014  1047  1048  1309  1310  1348  1342
     594   1   1   1   0   1   1014  1015  1046  1047  1310  1311  1354  1348
     595   1   1   1   0   1   1015   997  1003  1046  1311  1305  1323  1354
     596   1   1   1   0   1    527  1051  1045   526   835  1324  1325   834
     597   1   1   1   0   1   1051  1050  1044  1045  1324  1330  1331  1325
     598   1   1   1   0   1   1050  1049  1043  1044  1330  1336  1337  1331
     599   1   1   1   0   1   1049  1048  1042  1043  1336  1342  1343  1337
     600   1   1   1   0   1   1048  1047  1041  1042  1342  1348  1349  1343
 
    ELEM MAT TYP REL ESY SEC        NODES
 
     601   1   1   1   0   1   1047  1046  1040  1041  1348  1354  1355  1349
     602   1   1   1   0   1   1046  1003  1002  1040  1354  1323  1322  1355
     603   1   1   1   0   1    526  1045  1039   525   834  1325  1326   833
     604   1   1   1   0   1   1045  1044  1038  1039  1325  1331  1332  1326
     605   1   1   1   0   1   1044  1043  1037  1038  1331  1337  1338  1332
     606   1   1   1   0   1   1043  1042  1036  1037  1337  1343  1344  1338
     607   1   1   1   0   1   1042  1041  1035  1036  1343  1349  1350  1344
     608   1   1   1   0   1   1041  1040  1034  1035  1349  1355  1356  1350
     609   1   1   1   0   1   1040  1002  1001  1034  1355  1322  1321  1356
     610   1   1   1   0   1    525  1039  1033   524   833  1326  1327   832
     611   1   1   1   0   1   1039  1038  1032  1033  1326  1332  1333  1327
     612   1   1   1   0   1   1038  1037  1031  1032  1332  1338  1339  1333
     613   1   1   1   0   1   1037  1036  1030  1031  1338  1344  1345  1339
     614   1   1   1   0   1   1036  1035  1029  1030  1344  1350  1351  1345
     615   1   1   1   0   1   1035  1034  1028  1029  1350  1356  1357  1351
     616   1   1   1   0   1   1034  1001  1000  1028  1356  1321  1320  1357
     617   1   1   1   0   1    524  1033  1027   523   832  1327  1328   831
     618   1   1   1   0   1   1033  1032  1026  1027  1327  1333  1334  1328
     619   1   1   1   0   1   1032  1031  1025  1026  1333  1339  1340  1334
     620   1   1   1   0   1   1031  1030  1024  1025  1339  1345  1346  1340
 
    ELEM MAT TYP REL ESY SEC        NODES
 
     621   1   1   1   0   1   1030  1029  1023  1024  1345  1351  1352  1346
     622   1   1   1   0   1   1029  1028  1022  1023  1351  1357  1358  1352
     623   1   1   1   0   1   1028  1000   999  1022  1357  1320  1319  1358
     624   1   1   1   0   1    523  1027  1021   522   831  1328  1329   830
     625   1   1   1   0   1   1027  1026  1020  1021  1328  1334  1335  1329
     626   1   1   1   0   1   1026  1025  1019  1020  1334  1340  1341  1335
     627   1   1   1   0   1   1025  1024  1018  1019  1340  1346  1347  1341
     628   1   1   1   0   1   1024  1023  1017  1018  1346  1352  1353  1347
     629   1   1   1   0   1   1023  1022  1016  1017  1352  1358  1359  1353
     630   1   1   1   0   1   1022   999   998  1016  1358  1319  1318  1359
     631   1   1   1   0   1    522  1021   971   508   830  1329  1279   816
     632   1   1   1   0   1   1021  1020   972   971  1329  1335  1280  1279
     633   1   1   1   0   1   1020  1019   973   972  1335  1341  1281  1280
     634   1   1   1   0   1   1019  1018   974   973  1341  1347  1282  1281
     635   1   1   1   0   1   1018  1017   975   974  1347  1353  1283  1282
     636   1   1   1   0   1   1017  1016   976   975  1353  1359  1284  1283
     637   1   1   1   0   1   1016   998   977   976  1359  1318  1285  1284
     638   1   1   1   0   1    836  1306  1324   835   669  1164  1242   670
     639   1   1   1   0   1   1306  1307  1330  1324  1164  1165  1248  1242
     640   1   1   1   0   1   1307  1308  1336  1330  1165  1166  1254  1248
 
    ELEM MAT TYP REL ESY SEC        NODES
 
     641   1   1   1   0   1   1308  1309  1342  1336  1166  1167  1260  1254
     642   1   1   1   0   1   1309  1310  1348  1342  1167  1168  1266  1260
     643   1   1   1   0   1   1310  1311  1354  1348  1168  1169  1272  1266
     644   1   1   1   0   1   1311  1305  1323  1354  1169  1151  1163  1272
     645   1   1   1   0   1    835  1324  1325   834   670  1242  1243   671
     646   1   1   1   0   1   1324  1330  1331  1325  1242  1248  1249  1243
     647   1   1   1   0   1   1330  1336  1337  1331  1248  1254  1255  1249
     648   1   1   1   0   1   1336  1342  1343  1337  1254  1260  1261  1255
     649   1   1   1   0   1   1342  1348  1349  1343  1260  1266  1267  1261
     650   1   1   1   0   1   1348  1354  1355  1349  1266  1272  1273  1267
     651   1   1   1   0   1   1354  1323  1322  1355  1272  1163  1162  1273
     652   1   1   1   0   1    834  1325  1326   833   671  1243  1244   672
     653   1   1   1   0   1   1325  1331  1332  1326  1243  1249  1250  1244
     654   1   1   1   0   1   1331  1337  1338  1332  1249  1255  1256  1250
     655   1   1   1   0   1   1337  1343  1344  1338  1255  1261  1262  1256
     656   1   1   1   0   1   1343  1349  1350  1344  1261  1267  1268  1262
     657   1   1   1   0   1   1349  1355  1356  1350  1267  1273  1274  1268
     658   1   1   1   0   1   1355  1322  1321  1356  1273  1162  1161  1274
     659   1   1   1   0   1    833  1326  1327   832   672  1244  1245   673
     660   1   1   1   0   1   1326  1332  1333  1327  1244  1250  1251  1245
 
    ELEM MAT TYP REL ESY SEC        NODES
 
     661   1   1   1   0   1   1332  1338  1339  1333  1250  1256  1257  1251
     662   1   1   1   0   1   1338  1344  1345  1339  1256  1262  1263  1257
     663   1   1   1   0   1   1344  1350  1351  1345  1262  1268  1269  1263
     664   1   1   1   0   1   1350  1356  1357  1351  1268  1274  1275  1269
     665   1   1   1   0   1   1356  1321  1320  1357  1274  1161  1160  1275
     666   1   1   1   0   1    832  1327  1328   831   673  1245  1246   674
     667   1   1   1   0   1   1327  1333  1334  1328  1245  1251  1252  1246
     668   1   1   1   0   1   1333  1339  1340  1334  1251  1257  1258  1252
     669   1   1   1   0   1   1339  1345  1346  1340  1257  1263  1264  1258
     670   1   1   1   0   1   1345  1351  1352  1346  1263  1269  1270  1264
     671   1   1   1   0   1   1351  1357  1358  1352  1269  1275  1276  1270
     672   1   1   1   0   1   1357  1320  1319  1358  1275  1160  1159  1276
     673   1   1   1   0   1    831  1328  1329   830   674  1246  1247   675
     674   1   1   1   0   1   1328  1334  1335  1329  1246  1252  1253  1247
     675   1   1   1   0   1   1334  1340  1341  1335  1252  1258  1259  1253
     676   1   1   1   0   1   1340  1346  1347  1341  1258  1264  1265  1259
     677   1   1   1   0   1   1346  1352  1353  1347  1264  1270  1271  1265
     678   1   1   1   0   1   1352  1358  1359  1353  1270  1276  1277  1271
     679   1   1   1   0   1   1358  1319  1318  1359  1276  1159  1158  1277
     680   1   1   1   0   1    830  1329  1279   816   675  1247  1138   662
 
    ELEM MAT TYP REL ESY SEC        NODES
 
     681   1   1   1   0   1   1329  1335  1280  1279  1247  1253  1139  1138
     682   1   1   1   0   1   1335  1341  1281  1280  1253  1259  1140  1139
     683   1   1   1   0   1   1341  1347  1282  1281  1259  1265  1141  1140
     684   1   1   1   0   1   1347  1353  1283  1282  1265  1271  1142  1141
     685   1   1   1   0   1   1353  1359  1284  1283  1271  1277  1143  1142
     686   1   1   1   0   1   1359  1318  1285  1284  1277  1158  1144  1143
     687   1   1   1   0   1    990  1004  1123   991  1298  1312  1360  1299
     688   1   1   1   0   1   1004  1005  1122  1123  1312  1313  1366  1360
     689   1   1   1   0   1   1005  1006  1121  1122  1313  1314  1372  1366
     690   1   1   1   0   1   1006  1007  1120  1121  1314  1315  1378  1372
     691   1   1   1   0   1   1007  1008  1119  1120  1315  1316  1384  1378
     692   1   1   1   0   1   1008  1009  1118  1119  1316  1317  1390  1384
     693   1   1   1   0   1   1009   997  1015  1118  1317  1305  1311  1390
     694   1   1   1   0   1    991  1123  1117   992  1299  1360  1361  1300
     695   1   1   1   0   1   1123  1122  1116  1117  1360  1366  1367  1361
     696   1   1   1   0   1   1122  1121  1115  1116  1366  1372  1373  1367
     697   1   1   1   0   1   1121  1120  1114  1115  1372  1378  1379  1373
     698   1   1   1   0   1   1120  1119  1113  1114  1378  1384  1385  1379
     699   1   1   1   0   1   1119  1118  1112  1113  1384  1390  1391  1385
     700   1   1   1   0   1   1118  1015  1014  1112  1390  1311  1310  1391
 
    ELEM MAT TYP REL ESY SEC        NODES
 
     701   1   1   1   0   1    992  1117  1111   993  1300  1361  1362  1301
     702   1   1   1   0   1   1117  1116  1110  1111  1361  1367  1368  1362
     703   1   1   1   0   1   1116  1115  1109  1110  1367  1373  1374  1368
     704   1   1   1   0   1   1115  1114  1108  1109  1373  1379  1380  1374
     705   1   1   1   0   1   1114  1113  1107  1108  1379  1385  1386  1380
     706   1   1   1   0   1   1113  1112  1106  1107  1385  1391  1392  1386
     707   1   1   1   0   1   1112  1014  1013  1106  1391  1310  1309  1392
     708   1   1   1   0   1    993  1111  1105   994  1301  1362  1363  1302
     709   1   1   1   0   1   1111  1110  1104  1105  1362  1368  1369  1363
     710   1   1   1   0   1   1110  1109  1103  1104  1368  1374  1375  1369
     711   1   1   1   0   1   1109  1108  1102  1103  1374  1380  1381  1375
     712   1   1   1   0   1   1108  1107  1101  1102  1380  1386  1387  1381
     713   1   1   1   0   1   1107  1106  1100  1101  1386  1392  1393  1387
     714   1   1   1   0   1   1106  1013  1012  1100  1392  1309  1308  1393
     715   1   1   1   0   1    994  1105  1099   995  1302  1363  1364  1303
     716   1   1   1   0   1   1105  1104  1098  1099  1363  1369  1370  1364
     717   1   1   1   0   1   1104  1103  1097  1098  1369  1375  1376  1370
     718   1   1   1   0   1   1103  1102  1096  1097  1375  1381  1382  1376
     719   1   1   1   0   1   1102  1101  1095  1096  1381  1387  1388  1382
     720   1   1   1   0   1   1101  1100  1094  1095  1387  1393  1394  1388
 
    ELEM MAT TYP REL ESY SEC        NODES
 
     721   1   1   1   0   1   1100  1012  1011  1094  1393  1308  1307  1394
     722   1   1   1   0   1    995  1099  1093   996  1303  1364  1365  1304
     723   1   1   1   0   1   1099  1098  1092  1093  1364  1370  1371  1365
     724   1   1   1   0   1   1098  1097  1091  1092  1370  1376  1377  1371
     725   1   1   1   0   1   1097  1096  1090  1091  1376  1382  1383  1377
     726   1   1   1   0   1   1096  1095  1089  1090  1382  1388  1389  1383
     727   1   1   1   0   1   1095  1094  1088  1089  1388  1394  1395  1389
     728   1   1   1   0   1   1094  1011  1010  1088  1394  1307  1306  1395
     729   1   1   1   0   1    996  1093   534    16  1304  1365   842   354
     730   1   1   1   0   1   1093  1092   533   534  1365  1371   841   842
     731   1   1   1   0   1   1092  1091   532   533  1371  1377   840   841
     732   1   1   1   0   1   1091  1090   531   532  1377  1383   839   840
     733   1   1   1   0   1   1090  1089   530   531  1383  1389   838   839
     734   1   1   1   0   1   1089  1088   529   530  1389  1395   837   838
     735   1   1   1   0   1   1088  1010   528   529  1395  1306   836   837
     736   1   1   1   0   1   1298  1312  1360  1299  1131  1152  1170  1130
     737   1   1   1   0   1   1312  1313  1366  1360  1152  1153  1176  1170
     738   1   1   1   0   1   1313  1314  1372  1366  1153  1154  1182  1176
     739   1   1   1   0   1   1314  1315  1378  1372  1154  1155  1188  1182
     740   1   1   1   0   1   1315  1316  1384  1378  1155  1156  1194  1188
 
    ELEM MAT TYP REL ESY SEC        NODES
 
     741   1   1   1   0   1   1316  1317  1390  1384  1156  1157  1200  1194
     742   1   1   1   0   1   1317  1305  1311  1390  1157  1151  1169  1200
     743   1   1   1   0   1   1299  1360  1361  1300  1130  1170  1171  1129
     744   1   1   1   0   1   1360  1366  1367  1361  1170  1176  1177  1171
     745   1   1   1   0   1   1366  1372  1373  1367  1176  1182  1183  1177
     746   1   1   1   0   1   1372  1378  1379  1373  1182  1188  1189  1183
     747   1   1   1   0   1   1378  1384  1385  1379  1188  1194  1195  1189
     748   1   1   1   0   1   1384  1390  1391  1385  1194  1200  1201  1195
     749   1   1   1   0   1   1390  1311  1310  1391  1200  1169  1168  1201
     750   1   1   1   0   1   1300  1361  1362  1301  1129  1171  1172  1128
     751   1   1   1   0   1   1361  1367  1368  1362  1171  1177  1178  1172
     752   1   1   1   0   1   1367  1373  1374  1368  1177  1183  1184  1178
     753   1   1   1   0   1   1373  1379  1380  1374  1183  1189  1190  1184
     754   1   1   1   0   1   1379  1385  1386  1380  1189  1195  1196  1190
     755   1   1   1   0   1   1385  1391  1392  1386  1195  1201  1202  1196
     756   1   1   1   0   1   1391  1310  1309  1392  1201  1168  1167  1202
     757   1   1   1   0   1   1301  1362  1363  1302  1128  1172  1173  1127
     758   1   1   1   0   1   1362  1368  1369  1363  1172  1178  1179  1173
     759   1   1   1   0   1   1368  1374  1375  1369  1178  1184  1185  1179
     760   1   1   1   0   1   1374  1380  1381  1375  1184  1190  1191  1185
 
    ELEM MAT TYP REL ESY SEC        NODES
 
     761   1   1   1   0   1   1380  1386  1387  1381  1190  1196  1197  1191
     762   1   1   1   0   1   1386  1392  1393  1387  1196  1202  1203  1197
     763   1   1   1   0   1   1392  1309  1308  1393  1202  1167  1166  1203
     764   1   1   1   0   1   1302  1363  1364  1303  1127  1173  1174  1126
     765   1   1   1   0   1   1363  1369  1370  1364  1173  1179  1180  1174
     766   1   1   1   0   1   1369  1375  1376  1370  1179  1185  1186  1180
     767   1   1   1   0   1   1375  1381  1382  1376  1185  1191  1192  1186
     768   1   1   1   0   1   1381  1387  1388  1382  1191  1197  1198  1192
     769   1   1   1   0   1   1387  1393  1394  1388  1197  1203  1204  1198
     770   1   1   1   0   1   1393  1308  1307  1394  1203  1166  1165  1204
     771   1   1   1   0   1   1303  1364  1365  1304  1126  1174  1175  1125
     772   1   1   1   0   1   1364  1370  1371  1365  1174  1180  1181  1175
     773   1   1   1   0   1   1370  1376  1377  1371  1180  1186  1187  1181
     774   1   1   1   0   1   1376  1382  1383  1377  1186  1192  1193  1187
     775   1   1   1   0   1   1382  1388  1389  1383  1192  1198  1199  1193
     776   1   1   1   0   1   1388  1394  1395  1389  1198  1204  1205  1199
     777   1   1   1   0   1   1394  1307  1306  1395  1204  1165  1164  1205
     778   1   1   1   0   1   1304  1365   842   354  1125  1175   663   170
     779   1   1   1   0   1   1365  1371   841   842  1175  1181   664   663
     780   1   1   1   0   1   1371  1377   840   841  1181  1187   665   664
 
    ELEM MAT TYP REL ESY SEC        NODES
 
     781   1   1   1   0   1   1377  1383   839   840  1187  1193   666   665
     782   1   1   1   0   1   1383  1389   838   839  1193  1199   667   666
     783   1   1   1   0   1   1389  1395   837   838  1199  1205   668   667
     784   1   1   1   0   1   1395  1306   836   837  1205  1164   669   668
     785   1   1   1   0   1    977   998  1087   978  1285  1318  1396  1286
     786   1   1   1   0   1    998   999  1086  1087  1318  1319  1402  1396
     787   1   1   1   0   1    999  1000  1085  1086  1319  1320  1408  1402
     788   1   1   1   0   1   1000  1001  1084  1085  1320  1321  1414  1408
     789   1   1   1   0   1   1001  1002  1083  1084  1321  1322  1420  1414
     790   1   1   1   0   1   1002  1003  1082  1083  1322  1323  1426  1420
     791   1   1   1   0   1   1003   997  1009  1082  1323  1305  1317  1426
     792   1   1   1   0   1    978  1087  1081   979  1286  1396  1397  1287
     793   1   1   1   0   1   1087  1086  1080  1081  1396  1402  1403  1397
     794   1   1   1   0   1   1086  1085  1079  1080  1402  1408  1409  1403
     795   1   1   1   0   1   1085  1084  1078  1079  1408  1414  1415  1409
     796   1   1   1   0   1   1084  1083  1077  1078  1414  1420  1421  1415
     797   1   1   1   0   1   1083  1082  1076  1077  1420  1426  1427  1421
     798   1   1   1   0   1   1082  1009  1008  1076  1426  1317  1316  1427
     799   1   1   1   0   1    979  1081  1075   980  1287  1397  1398  1288
     800   1   1   1   0   1   1081  1080  1074  1075  1397  1403  1404  1398
 
    ELEM MAT TYP REL ESY SEC        NODES
 
     801   1   1   1   0   1   1080  1079  1073  1074  1403  1409  1410  1404
     802   1   1   1   0   1   1079  1078  1072  1073  1409  1415  1416  1410
     803   1   1   1   0   1   1078  1077  1071  1072  1415  1421  1422  1416
     804   1   1   1   0   1   1077  1076  1070  1071  1421  1427  1428  1422
     805   1   1   1   0   1   1076  1008  1007  1070  1427  1316  1315  1428
     806   1   1   1   0   1    980  1075  1069   981  1288  1398  1399  1289
     807   1   1   1   0   1   1075  1074  1068  1069  1398  1404  1405  1399
     808   1   1   1   0   1   1074  1073  1067  1068  1404  1410  1411  1405
     809   1   1   1   0   1   1073  1072  1066  1067  1410  1416  1417  1411
     810   1   1   1   0   1   1072  1071  1065  1066  1416  1422  1423  1417
     811   1   1   1   0   1   1071  1070  1064  1065  1422  1428  1429  1423
     812   1   1   1   0   1   1070  1007  1006  1064  1428  1315  1314  1429
     813   1   1   1   0   1    981  1069  1063   982  1289  1399  1400  1290
     814   1   1   1   0   1   1069  1068  1062  1063  1399  1405  1406  1400
     815   1   1   1   0   1   1068  1067  1061  1062  1405  1411  1412  1406
     816   1   1   1   0   1   1067  1066  1060  1061  1411  1417  1418  1412
     817   1   1   1   0   1   1066  1065  1059  1060  1417  1423  1424  1418
     818   1   1   1   0   1   1065  1064  1058  1059  1423  1429  1430  1424
     819   1   1   1   0   1   1064  1006  1005  1058  1429  1314  1313  1430
     820   1   1   1   0   1    982  1063  1057   983  1290  1400  1401  1291
 
    ELEM MAT TYP REL ESY SEC        NODES
 
     821   1   1   1   0   1   1063  1062  1056  1057  1400  1406  1407  1401
     822   1   1   1   0   1   1062  1061  1055  1056  1406  1412  1413  1407
     823   1   1   1   0   1   1061  1060  1054  1055  1412  1418  1419  1413
     824   1   1   1   0   1   1060  1059  1053  1054  1418  1424  1425  1419
     825   1   1   1   0   1   1059  1058  1052  1053  1424  1430  1431  1425
     826   1   1   1   0   1   1058  1005  1004  1052  1430  1313  1312  1431
     827   1   1   1   0   1    983  1057   984   970  1291  1401  1292  1278
     828   1   1   1   0   1   1057  1056   985   984  1401  1407  1293  1292
     829   1   1   1   0   1   1056  1055   986   985  1407  1413  1294  1293
     830   1   1   1   0   1   1055  1054   987   986  1413  1419  1295  1294
     831   1   1   1   0   1   1054  1053   988   987  1419  1425  1296  1295
     832   1   1   1   0   1   1053  1052   989   988  1425  1431  1297  1296
     833   1   1   1   0   1   1052  1004   990   989  1431  1312  1298  1297
     834   1   1   1   0   1   1285  1318  1396  1286  1144  1158  1206  1145
     835   1   1   1   0   1   1318  1319  1402  1396  1158  1159  1212  1206
     836   1   1   1   0   1   1319  1320  1408  1402  1159  1160  1218  1212
     837   1   1   1   0   1   1320  1321  1414  1408  1160  1161  1224  1218
     838   1   1   1   0   1   1321  1322  1420  1414  1161  1162  1230  1224
     839   1   1   1   0   1   1322  1323  1426  1420  1162  1163  1236  1230
     840   1   1   1   0   1   1323  1305  1317  1426  1163  1151  1157  1236
 
    ELEM MAT TYP REL ESY SEC        NODES
 
     841   1   1   1   0   1   1286  1396  1397  1287  1145  1206  1207  1146
     842   1   1   1   0   1   1396  1402  1403  1397  1206  1212  1213  1207
     843   1   1   1   0   1   1402  1408  1409  1403  1212  1218  1219  1213
     844   1   1   1   0   1   1408  1414  1415  1409  1218  1224  1225  1219
     845   1   1   1   0   1   1414  1420  1421  1415  1224  1230  1231  1225
     846   1   1   1   0   1   1420  1426  1427  1421  1230  1236  1237  1231
     847   1   1   1   0   1   1426  1317  1316  1427  1236  1157  1156  1237
     848   1   1   1   0   1   1287  1397  1398  1288  1146  1207  1208  1147
     849   1   1   1   0   1   1397  1403  1404  1398  1207  1213  1214  1208
     850   1   1   1   0   1   1403  1409  1410  1404  1213  1219  1220  1214
     851   1   1   1   0   1   1409  1415  1416  1410  1219  1225  1226  1220
     852   1   1   1   0   1   1415  1421  1422  1416  1225  1231  1232  1226
     853   1   1   1   0   1   1421  1427  1428  1422  1231  1237  1238  1232
     854   1   1   1   0   1   1427  1316  1315  1428  1237  1156  1155  1238
     855   1   1   1   0   1   1288  1398  1399  1289  1147  1208  1209  1148
     856   1   1   1   0   1   1398  1404  1405  1399  1208  1214  1215  1209
     857   1   1   1   0   1   1404  1410  1411  1405  1214  1220  1221  1215
     858   1   1   1   0   1   1410  1416  1417  1411  1220  1226  1227  1221
     859   1   1   1   0   1   1416  1422  1423  1417  1226  1232  1233  1227
     860   1   1   1   0   1   1422  1428  1429  1423  1232  1238  1239  1233
 
    ELEM MAT TYP REL ESY SEC        NODES
 
     861   1   1   1   0   1   1428  1315  1314  1429  1238  1155  1154  1239
     862   1   1   1   0   1   1289  1399  1400  1290  1148  1209  1210  1149
     863   1   1   1   0   1   1399  1405  1406  1400  1209  1215  1216  1210
     864   1   1   1   0   1   1405  1411  1412  1406  1215  1221  1222  1216
     865   1   1   1   0   1   1411  1417  1418  1412  1221  1227  1228  1222
     866   1   1   1   0   1   1417  1423  1424  1418  1227  1233  1234  1228
     867   1   1   1   0   1   1423  1429  1430  1424  1233  1239  1240  1234
     868   1   1   1   0   1   1429  1314  1313  1430  1239  1154  1153  1240
     869   1   1   1   0   1   1290  1400  1401  1291  1149  1210  1211  1150
     870   1   1   1   0   1   1400  1406  1407  1401  1210  1216  1217  1211
     871   1   1   1   0   1   1406  1412  1413  1407  1216  1222  1223  1217
     872   1   1   1   0   1   1412  1418  1419  1413  1222  1228  1229  1223
     873   1   1   1   0   1   1418  1424  1425  1419  1228  1234  1235  1229
     874   1   1   1   0   1   1424  1430  1431  1425  1234  1240  1241  1235
     875   1   1   1   0   1   1430  1313  1312  1431  1240  1153  1152  1241
     876   1   1   1   0   1   1291  1401  1292  1278  1150  1211  1137  1124
     877   1   1   1   0   1   1401  1407  1293  1292  1211  1217  1136  1137
     878   1   1   1   0   1   1407  1413  1294  1293  1217  1223  1135  1136
     879   1   1   1   0   1   1413  1419  1295  1294  1223  1229  1134  1135
     880   1   1   1   0   1   1419  1425  1296  1295  1229  1235  1133  1134
 
    ELEM MAT TYP REL ESY SEC        NODES
 
     881   1   1   1   0   1   1425  1431  1297  1296  1235  1241  1132  1133
     882   1   1   1   0   1   1431  1312  1298  1297  1241  1152  1131  1132
     883   1   1   1   0   1    990  1458  1499   989  1298  1726  1744  1297
     884   1   1   1   0   1   1458  1459  1498  1499  1726  1727  1750  1744
     885   1   1   1   0   1   1459  1460  1497  1498  1727  1728  1756  1750
     886   1   1   1   0   1   1460  1461  1496  1497  1728  1729  1762  1756
     887   1   1   1   0   1   1461  1462  1495  1496  1729  1730  1768  1762
     888   1   1   1   0   1   1462  1463  1494  1495  1730  1731  1774  1768
     889   1   1   1   0   1   1463  1445  1451  1494  1731  1725  1743  1774
     890   1   1   1   0   1    989  1499  1493   988  1297  1744  1745  1296
     891   1   1   1   0   1   1499  1498  1492  1493  1744  1750  1751  1745
     892   1   1   1   0   1   1498  1497  1491  1492  1750  1756  1757  1751
     893   1   1   1   0   1   1497  1496  1490  1491  1756  1762  1763  1757
     894   1   1   1   0   1   1496  1495  1489  1490  1762  1768  1769  1763
     895   1   1   1   0   1   1495  1494  1488  1489  1768  1774  1775  1769
     896   1   1   1   0   1   1494  1451  1450  1488  1774  1743  1742  1775
     897   1   1   1   0   1    988  1493  1487   987  1296  1745  1746  1295
     898   1   1   1   0   1   1493  1492  1486  1487  1745  1751  1752  1746
     899   1   1   1   0   1   1492  1491  1485  1486  1751  1757  1758  1752
     900   1   1   1   0   1   1491  1490  1484  1485  1757  1763  1764  1758
 
    ELEM MAT TYP REL ESY SEC        NODES
 
     901   1   1   1   0   1   1490  1489  1483  1484  1763  1769  1770  1764
     902   1   1   1   0   1   1489  1488  1482  1483  1769  1775  1776  1770
     903   1   1   1   0   1   1488  1450  1449  1482  1775  1742  1741  1776
     904   1   1   1   0   1    987  1487  1481   986  1295  1746  1747  1294
     905   1   1   1   0   1   1487  1486  1480  1481  1746  1752  1753  1747
     906   1   1   1   0   1   1486  1485  1479  1480  1752  1758  1759  1753
     907   1   1   1   0   1   1485  1484  1478  1479  1758  1764  1765  1759
     908   1   1   1   0   1   1484  1483  1477  1478  1764  1770  1771  1765
     909   1   1   1   0   1   1483  1482  1476  1477  1770  1776  1777  1771
     910   1   1   1   0   1   1482  1449  1448  1476  1776  1741  1740  1777
     911   1   1   1   0   1    986  1481  1475   985  1294  1747  1748  1293
     912   1   1   1   0   1   1481  1480  1474  1475  1747  1753  1754  1748
     913   1   1   1   0   1   1480  1479  1473  1474  1753  1759  1760  1754
     914   1   1   1   0   1   1479  1478  1472  1473  1759  1765  1766  1760
     915   1   1   1   0   1   1478  1477  1471  1472  1765  1771  1772  1766
     916   1   1   1   0   1   1477  1476  1470  1471  1771  1777  1778  1772
     917   1   1   1   0   1   1476  1448  1447  1470  1777  1740  1739  1778
     918   1   1   1   0   1    985  1475  1469   984  1293  1748  1749  1292
     919   1   1   1   0   1   1475  1474  1468  1469  1748  1754  1755  1749
     920   1   1   1   0   1   1474  1473  1467  1468  1754  1760  1761  1755
 
    ELEM MAT TYP REL ESY SEC        NODES
 
     921   1   1   1   0   1   1473  1472  1466  1467  1760  1766  1767  1761
     922   1   1   1   0   1   1472  1471  1465  1466  1766  1772  1773  1767
     923   1   1   1   0   1   1471  1470  1464  1465  1772  1778  1779  1773
     924   1   1   1   0   1   1470  1447  1446  1464  1778  1739  1738  1779
     925   1   1   1   0   1    984  1469  1432   970  1292  1749  1712  1278
     926   1   1   1   0   1   1469  1468  1433  1432  1749  1755  1713  1712
     927   1   1   1   0   1   1468  1467  1434  1433  1755  1761  1714  1713
     928   1   1   1   0   1   1467  1466  1435  1434  1761  1767  1715  1714
     929   1   1   1   0   1   1466  1465  1436  1435  1767  1773  1716  1715
     930   1   1   1   0   1   1465  1464  1437  1436  1773  1779  1717  1716
     931   1   1   1   0   1   1464  1446  1438  1437  1779  1738  1718  1717
     932   1   1   1   0   1   1298  1726  1744  1297  1131  1598  1676  1132
     933   1   1   1   0   1   1726  1727  1750  1744  1598  1599  1682  1676
     934   1   1   1   0   1   1727  1728  1756  1750  1599  1600  1688  1682
     935   1   1   1   0   1   1728  1729  1762  1756  1600  1601  1694  1688
     936   1   1   1   0   1   1729  1730  1768  1762  1601  1602  1700  1694
     937   1   1   1   0   1   1730  1731  1774  1768  1602  1603  1706  1700
     938   1   1   1   0   1   1731  1725  1743  1774  1603  1585  1597  1706
     939   1   1   1   0   1   1297  1744  1745  1296  1132  1676  1677  1133
     940   1   1   1   0   1   1744  1750  1751  1745  1676  1682  1683  1677
 
    ELEM MAT TYP REL ESY SEC        NODES
 
     941   1   1   1   0   1   1750  1756  1757  1751  1682  1688  1689  1683
     942   1   1   1   0   1   1756  1762  1763  1757  1688  1694  1695  1689
     943   1   1   1   0   1   1762  1768  1769  1763  1694  1700  1701  1695
     944   1   1   1   0   1   1768  1774  1775  1769  1700  1706  1707  1701
     945   1   1   1   0   1   1774  1743  1742  1775  1706  1597  1596  1707
     946   1   1   1   0   1   1296  1745  1746  1295  1133  1677  1678  1134
     947   1   1   1   0   1   1745  1751  1752  1746  1677  1683  1684  1678
     948   1   1   1   0   1   1751  1757  1758  1752  1683  1689  1690  1684
     949   1   1   1   0   1   1757  1763  1764  1758  1689  1695  1696  1690
     950   1   1   1   0   1   1763  1769  1770  1764  1695  1701  1702  1696
     951   1   1   1   0   1   1769  1775  1776  1770  1701  1707  1708  1702
     952   1   1   1   0   1   1775  1742  1741  1776  1707  1596  1595  1708
     953   1   1   1   0   1   1295  1746  1747  1294  1134  1678  1679  1135
     954   1   1   1   0   1   1746  1752  1753  1747  1678  1684  1685  1679
     955   1   1   1   0   1   1752  1758  1759  1753  1684  1690  1691  1685
     956   1   1   1   0   1   1758  1764  1765  1759  1690  1696  1697  1691
     957   1   1   1   0   1   1764  1770  1771  1765  1696  1702  1703  1697
     958   1   1   1   0   1   1770  1776  1777  1771  1702  1708  1709  1703
     959   1   1   1   0   1   1776  1741  1740  1777  1708  1595  1594  1709
     960   1   1   1   0   1   1294  1747  1748  1293  1135  1679  1680  1136
 
    ELEM MAT TYP REL ESY SEC        NODES
 
     961   1   1   1   0   1   1747  1753  1754  1748  1679  1685  1686  1680
     962   1   1   1   0   1   1753  1759  1760  1754  1685  1691  1692  1686
     963   1   1   1   0   1   1759  1765  1766  1760  1691  1697  1698  1692
     964   1   1   1   0   1   1765  1771  1772  1766  1697  1703  1704  1698
     965   1   1   1   0   1   1771  1777  1778  1772  1703  1709  1710  1704
     966   1   1   1   0   1   1777  1740  1739  1778  1709  1594  1593  1710
     967   1   1   1   0   1   1293  1748  1749  1292  1136  1680  1681  1137
     968   1   1   1   0   1   1748  1754  1755  1749  1680  1686  1687  1681
     969   1   1   1   0   1   1754  1760  1761  1755  1686  1692  1693  1687
     970   1   1   1   0   1   1760  1766  1767  1761  1692  1698  1699  1693
     971   1   1   1   0   1   1766  1772  1773  1767  1698  1704  1705  1699
     972   1   1   1   0   1   1772  1778  1779  1773  1704  1710  1711  1705
     973   1   1   1   0   1   1778  1739  1738  1779  1710  1593  1592  1711
     974   1   1   1   0   1   1292  1749  1712  1278  1137  1681  1572  1124
     975   1   1   1   0   1   1749  1755  1713  1712  1681  1687  1573  1572
     976   1   1   1   0   1   1755  1761  1714  1713  1687  1693  1574  1573
     977   1   1   1   0   1   1761  1767  1715  1714  1693  1699  1575  1574
     978   1   1   1   0   1   1767  1773  1716  1715  1699  1705  1576  1575
     979   1   1   1   0   1   1773  1779  1717  1716  1705  1711  1577  1576
     980   1   1   1   0   1   1779  1738  1718  1717  1711  1592  1578  1577
 
    ELEM MAT TYP REL ESY SEC        NODES
 
     981   1   1   1   0   1     36  1452  1571    37   361  1732  1780   362
     982   1   1   1   0   1   1452  1453  1570  1571  1732  1733  1786  1780
     983   1   1   1   0   1   1453  1454  1569  1570  1733  1734  1792  1786
     984   1   1   1   0   1   1454  1455  1568  1569  1734  1735  1798  1792
     985   1   1   1   0   1   1455  1456  1567  1568  1735  1736  1804  1798
     986   1   1   1   0   1   1456  1457  1566  1567  1736  1737  1810  1804
     987   1   1   1   0   1   1457  1445  1463  1566  1737  1725  1731  1810
     988   1   1   1   0   1     37  1571  1565    38   362  1780  1781   363
     989   1   1   1   0   1   1571  1570  1564  1565  1780  1786  1787  1781
     990   1   1   1   0   1   1570  1569  1563  1564  1786  1792  1793  1787
     991   1   1   1   0   1   1569  1568  1562  1563  1792  1798  1799  1793
     992   1   1   1   0   1   1568  1567  1561  1562  1798  1804  1805  1799
     993   1   1   1   0   1   1567  1566  1560  1561  1804  1810  1811  1805
     994   1   1   1   0   1   1566  1463  1462  1560  1810  1731  1730  1811
     995   1   1   1   0   1     38  1565  1559    39   363  1781  1782   364
     996   1   1   1   0   1   1565  1564  1558  1559  1781  1787  1788  1782
     997   1   1   1   0   1   1564  1563  1557  1558  1787  1793  1794  1788
     998   1   1   1   0   1   1563  1562  1556  1557  1793  1799  1800  1794
     999   1   1   1   0   1   1562  1561  1555  1556  1799  1805  1806  1800
    1000   1   1   1   0   1   1561  1560  1554  1555  1805  1811  1812  1806
 
    ELEM MAT TYP REL ESY SEC        NODES
 
    1001   1   1   1   0   1   1560  1462  1461  1554  1811  1730  1729  1812
    1002   1   1   1   0   1     39  1559  1553    40   364  1782  1783   365
    1003   1   1   1   0   1   1559  1558  1552  1553  1782  1788  1789  1783
    1004   1   1   1   0   1   1558  1557  1551  1552  1788  1794  1795  1789
    1005   1   1   1   0   1   1557  1556  1550  1551  1794  1800  1801  1795
    1006   1   1   1   0   1   1556  1555  1549  1550  1800  1806  1807  1801
    1007   1   1   1   0   1   1555  1554  1548  1549  1806  1812  1813  1807
    1008   1   1   1   0   1   1554  1461  1460  1548  1812  1729  1728  1813
    1009   1   1   1   0   1     40  1553  1547    41   365  1783  1784   366
    1010   1   1   1   0   1   1553  1552  1546  1547  1783  1789  1790  1784
    1011   1   1   1   0   1   1552  1551  1545  1546  1789  1795  1796  1790
    1012   1   1   1   0   1   1551  1550  1544  1545  1795  1801  1802  1796
    1013   1   1   1   0   1   1550  1549  1543  1544  1801  1807  1808  1802
    1014   1   1   1   0   1   1549  1548  1542  1543  1807  1813  1814  1808
    1015   1   1   1   0   1   1548  1460  1459  1542  1813  1728  1727  1814
    1016   1   1   1   0   1     41  1547  1541    42   366  1784  1785   367
    1017   1   1   1   0   1   1547  1546  1540  1541  1784  1790  1791  1785
    1018   1   1   1   0   1   1546  1545  1539  1540  1790  1796  1797  1791
    1019   1   1   1   0   1   1545  1544  1538  1539  1796  1802  1803  1797
    1020   1   1   1   0   1   1544  1543  1537  1538  1802  1808  1809  1803
 
    ELEM MAT TYP REL ESY SEC        NODES
 
    1021   1   1   1   0   1   1543  1542  1536  1537  1808  1814  1815  1809
    1022   1   1   1   0   1   1542  1459  1458  1536  1814  1727  1726  1815
    1023   1   1   1   0   1     42  1541   996    16   367  1785  1304   354
    1024   1   1   1   0   1   1541  1540   995   996  1785  1791  1303  1304
    1025   1   1   1   0   1   1540  1539   994   995  1791  1797  1302  1303
    1026   1   1   1   0   1   1539  1538   993   994  1797  1803  1301  1302
    1027   1   1   1   0   1   1538  1537   992   993  1803  1809  1300  1301
    1028   1   1   1   0   1   1537  1536   991   992  1809  1815  1299  1300
    1029   1   1   1   0   1   1536  1458   990   991  1815  1726  1298  1299
    1030   1   1   1   0   1    361  1732  1780   362   205  1586  1604   204
    1031   1   1   1   0   1   1732  1733  1786  1780  1586  1587  1610  1604
    1032   1   1   1   0   1   1733  1734  1792  1786  1587  1588  1616  1610
    1033   1   1   1   0   1   1734  1735  1798  1792  1588  1589  1622  1616
    1034   1   1   1   0   1   1735  1736  1804  1798  1589  1590  1628  1622
    1035   1   1   1   0   1   1736  1737  1810  1804  1590  1591  1634  1628
    1036   1   1   1   0   1   1737  1725  1731  1810  1591  1585  1603  1634
    1037   1   1   1   0   1    362  1780  1781   363   204  1604  1605   203
    1038   1   1   1   0   1   1780  1786  1787  1781  1604  1610  1611  1605
    1039   1   1   1   0   1   1786  1792  1793  1787  1610  1616  1617  1611
    1040   1   1   1   0   1   1792  1798  1799  1793  1616  1622  1623  1617
 
    ELEM MAT TYP REL ESY SEC        NODES
 
    1041   1   1   1   0   1   1798  1804  1805  1799  1622  1628  1629  1623
    1042   1   1   1   0   1   1804  1810  1811  1805  1628  1634  1635  1629
    1043   1   1   1   0   1   1810  1731  1730  1811  1634  1603  1602  1635
    1044   1   1   1   0   1    363  1781  1782   364   203  1605  1606   202
    1045   1   1   1   0   1   1781  1787  1788  1782  1605  1611  1612  1606
    1046   1   1   1   0   1   1787  1793  1794  1788  1611  1617  1618  1612
    1047   1   1   1   0   1   1793  1799  1800  1794  1617  1623  1624  1618
    1048   1   1   1   0   1   1799  1805  1806  1800  1623  1629  1630  1624
    1049   1   1   1   0   1   1805  1811  1812  1806  1629  1635  1636  1630
    1050   1   1   1   0   1   1811  1730  1729  1812  1635  1602  1601  1636
    1051   1   1   1   0   1    364  1782  1783   365   202  1606  1607   201
    1052   1   1   1   0   1   1782  1788  1789  1783  1606  1612  1613  1607
    1053   1   1   1   0   1   1788  1794  1795  1789  1612  1618  1619  1613
    1054   1   1   1   0   1   1794  1800  1801  1795  1618  1624  1625  1619
    1055   1   1   1   0   1   1800  1806  1807  1801  1624  1630  1631  1625
    1056   1   1   1   0   1   1806  1812  1813  1807  1630  1636  1637  1631
    1057   1   1   1   0   1   1812  1729  1728  1813  1636  1601  1600  1637
    1058   1   1   1   0   1    365  1783  1784   366   201  1607  1608   200
    1059   1   1   1   0   1   1783  1789  1790  1784  1607  1613  1614  1608
    1060   1   1   1   0   1   1789  1795  1796  1790  1613  1619  1620  1614
 
    ELEM MAT TYP REL ESY SEC        NODES
 
    1061   1   1   1   0   1   1795  1801  1802  1796  1619  1625  1626  1620
    1062   1   1   1   0   1   1801  1807  1808  1802  1625  1631  1632  1626
    1063   1   1   1   0   1   1807  1813  1814  1808  1631  1637  1638  1632
    1064   1   1   1   0   1   1813  1728  1727  1814  1637  1600  1599  1638
    1065   1   1   1   0   1    366  1784  1785   367   200  1608  1609   199
    1066   1   1   1   0   1   1784  1790  1791  1785  1608  1614  1615  1609
    1067   1   1   1   0   1   1790  1796  1797  1791  1614  1620  1621  1615
    1068   1   1   1   0   1   1796  1802  1803  1797  1620  1626  1627  1621
    1069   1   1   1   0   1   1802  1808  1809  1803  1626  1632  1633  1627
    1070   1   1   1   0   1   1808  1814  1815  1809  1632  1638  1639  1633
    1071   1   1   1   0   1   1814  1727  1726  1815  1638  1599  1598  1639
    1072   1   1   1   0   1    367  1785  1304   354   199  1609  1125   170
    1073   1   1   1   0   1   1785  1791  1303  1304  1609  1615  1126  1125
    1074   1   1   1   0   1   1791  1797  1302  1303  1615  1621  1127  1126
    1075   1   1   1   0   1   1797  1803  1301  1302  1621  1627  1128  1127
    1076   1   1   1   0   1   1803  1809  1300  1301  1627  1633  1129  1128
    1077   1   1   1   0   1   1809  1815  1299  1300  1633  1639  1130  1129
    1078   1   1   1   0   1   1815  1726  1298  1299  1639  1598  1131  1130
    1079   1   1   1   0   1   1438  1446  1535  1439  1718  1738  1816  1719
    1080   1   1   1   0   1   1446  1447  1534  1535  1738  1739  1822  1816
 
    ELEM MAT TYP REL ESY SEC        NODES
 
    1081   1   1   1   0   1   1447  1448  1533  1534  1739  1740  1828  1822
    1082   1   1   1   0   1   1448  1449  1532  1533  1740  1741  1834  1828
    1083   1   1   1   0   1   1449  1450  1531  1532  1741  1742  1840  1834
    1084   1   1   1   0   1   1450  1451  1530  1531  1742  1743  1846  1840
    1085   1   1   1   0   1   1451  1445  1457  1530  1743  1725  1737  1846
    1086   1   1   1   0   1   1439  1535  1529  1440  1719  1816  1817  1720
    1087   1   1   1   0   1   1535  1534  1528  1529  1816  1822  1823  1817
    1088   1   1   1   0   1   1534  1533  1527  1528  1822  1828  1829  1823
    1089   1   1   1   0   1   1533  1532  1526  1527  1828  1834  1835  1829
    1090   1   1   1   0   1   1532  1531  1525  1526  1834  1840  1841  1835
    1091   1   1   1   0   1   1531  1530  1524  1525  1840  1846  1847  1841
    1092   1   1   1   0   1   1530  1457  1456  1524  1846  1737  1736  1847
    1093   1   1   1   0   1   1440  1529  1523  1441  1720  1817  1818  1721
    1094   1   1   1   0   1   1529  1528  1522  1523  1817  1823  1824  1818
    1095   1   1   1   0   1   1528  1527  1521  1522  1823  1829  1830  1824
    1096   1   1   1   0   1   1527  1526  1520  1521  1829  1835  1836  1830
    1097   1   1   1   0   1   1526  1525  1519  1520  1835  1841  1842  1836
    1098   1   1   1   0   1   1525  1524  1518  1519  1841  1847  1848  1842
    1099   1   1   1   0   1   1524  1456  1455  1518  1847  1736  1735  1848
    1100   1   1   1   0   1   1441  1523  1517  1442  1721  1818  1819  1722
 
    ELEM MAT TYP REL ESY SEC        NODES
 
    1101   1   1   1   0   1   1523  1522  1516  1517  1818  1824  1825  1819
    1102   1   1   1   0   1   1522  1521  1515  1516  1824  1830  1831  1825
    1103   1   1   1   0   1   1521  1520  1514  1515  1830  1836  1837  1831
    1104   1   1   1   0   1   1520  1519  1513  1514  1836  1842  1843  1837
    1105   1   1   1   0   1   1519  1518  1512  1513  1842  1848  1849  1843
    1106   1   1   1   0   1   1518  1455  1454  1512  1848  1735  1734  1849
    1107   1   1   1   0   1   1442  1517  1511  1443  1722  1819  1820  1723
    1108   1   1   1   0   1   1517  1516  1510  1511  1819  1825  1826  1820
    1109   1   1   1   0   1   1516  1515  1509  1510  1825  1831  1832  1826
    1110   1   1   1   0   1   1515  1514  1508  1509  1831  1837  1838  1832
    1111   1   1   1   0   1   1514  1513  1507  1508  1837  1843  1844  1838
    1112   1   1   1   0   1   1513  1512  1506  1507  1843  1849  1850  1844
    1113   1   1   1   0   1   1512  1454  1453  1506  1849  1734  1733  1850
    1114   1   1   1   0   1   1443  1511  1505  1444  1723  1820  1821  1724
    1115   1   1   1   0   1   1511  1510  1504  1505  1820  1826  1827  1821
    1116   1   1   1   0   1   1510  1509  1503  1504  1826  1832  1833  1827
    1117   1   1   1   0   1   1509  1508  1502  1503  1832  1838  1839  1833
    1118   1   1   1   0   1   1508  1507  1501  1502  1838  1844  1845  1839
    1119   1   1   1   0   1   1507  1506  1500  1501  1844  1850  1851  1845
    1120   1   1   1   0   1   1506  1453  1452  1500  1850  1733  1732  1851
 
    ELEM MAT TYP REL ESY SEC        NODES
 
    1121   1   1   1   0   1   1444  1505    30     1  1724  1821   355   339
    1122   1   1   1   0   1   1505  1504    31    30  1821  1827   356   355
    1123   1   1   1   0   1   1504  1503    32    31  1827  1833   357   356
    1124   1   1   1   0   1   1503  1502    33    32  1833  1839   358   357
    1125   1   1   1   0   1   1502  1501    34    33  1839  1845   359   358
    1126   1   1   1   0   1   1501  1500    35    34  1845  1851   360   359
    1127   1   1   1   0   1   1500  1452    36    35  1851  1732   361   360
    1128   1   1   1   0   1   1718  1738  1816  1719  1578  1592  1640  1579
    1129   1   1   1   0   1   1738  1739  1822  1816  1592  1593  1646  1640
    1130   1   1   1   0   1   1739  1740  1828  1822  1593  1594  1652  1646
    1131   1   1   1   0   1   1740  1741  1834  1828  1594  1595  1658  1652
    1132   1   1   1   0   1   1741  1742  1840  1834  1595  1596  1664  1658
    1133   1   1   1   0   1   1742  1743  1846  1840  1596  1597  1670  1664
    1134   1   1   1   0   1   1743  1725  1737  1846  1597  1585  1591  1670
    1135   1   1   1   0   1   1719  1816  1817  1720  1579  1640  1641  1580
    1136   1   1   1   0   1   1816  1822  1823  1817  1640  1646  1647  1641
    1137   1   1   1   0   1   1822  1828  1829  1823  1646  1652  1653  1647
    1138   1   1   1   0   1   1828  1834  1835  1829  1652  1658  1659  1653
    1139   1   1   1   0   1   1834  1840  1841  1835  1658  1664  1665  1659
    1140   1   1   1   0   1   1840  1846  1847  1841  1664  1670  1671  1665
 
    ELEM MAT TYP REL ESY SEC        NODES
 
    1141   1   1   1   0   1   1846  1737  1736  1847  1670  1591  1590  1671
    1142   1   1   1   0   1   1720  1817  1818  1721  1580  1641  1642  1581
    1143   1   1   1   0   1   1817  1823  1824  1818  1641  1647  1648  1642
    1144   1   1   1   0   1   1823  1829  1830  1824  1647  1653  1654  1648
    1145   1   1   1   0   1   1829  1835  1836  1830  1653  1659  1660  1654
    1146   1   1   1   0   1   1835  1841  1842  1836  1659  1665  1666  1660
    1147   1   1   1   0   1   1841  1847  1848  1842  1665  1671  1672  1666
    1148   1   1   1   0   1   1847  1736  1735  1848  1671  1590  1589  1672
    1149   1   1   1   0   1   1721  1818  1819  1722  1581  1642  1643  1582
    1150   1   1   1   0   1   1818  1824  1825  1819  1642  1648  1649  1643
    1151   1   1   1   0   1   1824  1830  1831  1825  1648  1654  1655  1649
    1152   1   1   1   0   1   1830  1836  1837  1831  1654  1660  1661  1655
    1153   1   1   1   0   1   1836  1842  1843  1837  1660  1666  1667  1661
    1154   1   1   1   0   1   1842  1848  1849  1843  1666  1672  1673  1667
    1155   1   1   1   0   1   1848  1735  1734  1849  1672  1589  1588  1673
    1156   1   1   1   0   1   1722  1819  1820  1723  1582  1643  1644  1583
    1157   1   1   1   0   1   1819  1825  1826  1820  1643  1649  1650  1644
    1158   1   1   1   0   1   1825  1831  1832  1826  1649  1655  1656  1650
    1159   1   1   1   0   1   1831  1837  1838  1832  1655  1661  1662  1656
    1160   1   1   1   0   1   1837  1843  1844  1838  1661  1667  1668  1662
 
    ELEM MAT TYP REL ESY SEC        NODES
 
    1161   1   1   1   0   1   1843  1849  1850  1844  1667  1673  1674  1668
    1162   1   1   1   0   1   1849  1734  1733  1850  1673  1588  1587  1674
    1163   1   1   1   0   1   1723  1820  1821  1724  1583  1644  1645  1584
    1164   1   1   1   0   1   1820  1826  1827  1821  1644  1650  1651  1645
    1165   1   1   1   0   1   1826  1832  1833  1827  1650  1656  1657  1651
    1166   1   1   1   0   1   1832  1838  1839  1833  1656  1662  1663  1657
    1167   1   1   1   0   1   1838  1844  1845  1839  1662  1668  1669  1663
    1168   1   1   1   0   1   1844  1850  1851  1845  1668  1674  1675  1669
    1169   1   1   1   0   1   1850  1733  1732  1851  1674  1587  1586  1675
    1170   1   1   1   0   1   1724  1821   355   339  1584  1645   211   185
    1171   1   1   1   0   1   1821  1827   356   355  1645  1651   210   211
    1172   1   1   1   0   1   1827  1833   357   356  1651  1657   209   210
    1173   1   1   1   0   1   1833  1839   358   357  1657  1663   208   209
    1174   1   1   1   0   1   1839  1845   359   358  1663  1669   207   208
    1175   1   1   1   0   1   1845  1851   360   359  1669  1675   206   207
    1176   1   1   1   0   1   1851  1732   361   360  1675  1586   205   206

