
 LIST ALL SELECTED NODES.   DSYS=      0

    NODE        X            Y            Z          THXY     THYZ     THZX
        1   18.278       0.0000       0.0000         0.00     0.00     0.00
        2   0.0000       0.0000      -18.278         0.00     0.00     0.00
        3   17.927       0.0000      -3.5659         0.00     0.00     0.00
        4   16.887       0.0000      -6.9947         0.00     0.00     0.00
        5   15.198       0.0000      -10.155         0.00     0.00     0.00
        6   12.924       0.0000      -12.924         0.00     0.00     0.00
        7   10.155       0.0000      -15.198         0.00     0.00     0.00
        8   6.9947       0.0000      -16.887         0.00     0.00     0.00
        9   3.5659       0.0000      -17.927         0.00     0.00     0.00
       10   0.0000      -42.750       0.0000         0.00     0.00     0.00
       11   0.0000      -6.4757      -19.135         0.00     0.00     0.00
       12   0.0000      -13.002      -19.421         0.00     0.00     0.00
       13   0.0000      -19.513      -18.953         0.00     0.00     0.00
       14   0.0000      -25.846      -17.375         0.00     0.00     0.00
       15   0.0000      -31.879      -14.880         0.00     0.00     0.00
       16   0.0000      -37.393      -11.398         0.00     0.00     0.00
       17   0.0000      -41.449      -6.3469         0.00     0.00     0.00
       18   19.135      -6.4757       0.0000         0.00     0.00     0.00
       19   19.421      -13.002       0.0000         0.00     0.00     0.00
       20   18.953      -19.513       0.0000         0.00     0.00     0.00

    NODE        X            Y            Z          THXY     THYZ     THZX
       21   17.375      -25.846       0.0000         0.00     0.00     0.00
       22   14.880      -31.879       0.0000         0.00     0.00     0.00
       23   11.398      -37.393       0.0000         0.00     0.00     0.00
       24   6.3469      -41.449       0.0000         0.00     0.00     0.00
       25   13.547      -17.913      -13.555         0.00     0.00     0.00
       26   13.420      -4.8919      -13.420         0.00     0.00     0.00
       27   13.687      -9.8099      -13.687         0.00     0.00     0.00
       28   13.714      -14.459      -13.716         0.00     0.00     0.00
       29   4.3407      -24.095      -17.391         0.00     0.00     0.00
       30   8.3403      -21.956      -16.493         0.00     0.00     0.00
       31   11.579      -19.678      -14.971         0.00     0.00     0.00
       32   17.382      -24.100      -4.3718         0.00     0.00     0.00
       33   16.475      -21.959      -8.3761         0.00     0.00     0.00
       34   14.956      -19.679      -11.598         0.00     0.00     0.00
       35   15.797      -5.0616      -10.553         0.00     0.00     0.00
       36   17.595      -5.4775      -7.2784         0.00     0.00     0.00
       37   18.725      -5.9729      -3.7123         0.00     0.00     0.00
       38   16.063      -10.202      -10.828         0.00     0.00     0.00
       39   17.895      -11.050      -7.4899         0.00     0.00     0.00
       40   19.036      -12.043      -3.8265         0.00     0.00     0.00

    NODE        X            Y            Z          THXY     THYZ     THZX
       41   15.884      -15.186      -11.086         0.00     0.00     0.00
       42   17.637      -16.613      -7.7993         0.00     0.00     0.00
       43   18.716      -18.130      -4.0074         0.00     0.00     0.00
       44   3.9974      -18.128      -18.718         0.00     0.00     0.00
       45   3.8247      -12.043      -19.037         0.00     0.00     0.00
       46   3.7123      -5.9729      -18.725         0.00     0.00     0.00
       47   7.7891      -16.612      -17.642         0.00     0.00     0.00
       48   7.4886      -11.050      -17.895         0.00     0.00     0.00
       49   7.2784      -5.4775      -17.595         0.00     0.00     0.00
       50   11.081      -15.186      -15.887         0.00     0.00     0.00
       51   10.828      -10.202      -16.063         0.00     0.00     0.00
       52   10.553      -5.0616      -15.797         0.00     0.00     0.00
       53   15.038      -29.789      -5.0319         0.00     0.00     0.00
       54   11.633      -35.093      -5.9368         0.00     0.00     0.00
       55   6.6565      -39.424      -6.7062         0.00     0.00     0.00
       56   14.149      -26.900      -9.4357         0.00     0.00     0.00
       57   10.647      -31.398      -10.732         0.00     0.00     0.00
       58   5.8590      -35.082      -11.680         0.00     0.00     0.00
       59   12.780      -23.461      -12.822         0.00     0.00     0.00
       60   9.3658      -26.895      -14.198         0.00     0.00     0.00

    NODE        X            Y            Z          THXY     THYZ     THZX
       61   4.9686      -29.779      -15.063         0.00     0.00     0.00
       62   0.0000       0.0000      -26.778         0.00     0.00     0.00
       63   0.0000      -49.250       0.0000         0.00     0.00     0.00
       64   0.0000      -7.9663      -28.283         0.00     0.00     0.00
       65   0.0000      -16.065      -28.601         0.00     0.00     0.00
       66   0.0000      -24.054      -27.281         0.00     0.00     0.00
       67   0.0000      -31.710      -24.609         0.00     0.00     0.00
       68   0.0000      -38.911      -20.892         0.00     0.00     0.00
       69   0.0000      -44.788      -15.374         0.00     0.00     0.00
       70   0.0000      -48.104      -8.0088         0.00     0.00     0.00
       71   26.778       0.0000       0.0000         0.00     0.00     0.00
       72   26.263       0.0000      -5.2241         0.00     0.00     0.00
       73   24.740       0.0000      -10.247         0.00     0.00     0.00
       74   22.265       0.0000      -14.877         0.00     0.00     0.00
       75   18.935       0.0000      -18.935         0.00     0.00     0.00
       76   14.877       0.0000      -22.265         0.00     0.00     0.00
       77   10.247       0.0000      -24.740         0.00     0.00     0.00
       78   5.2241       0.0000      -26.263         0.00     0.00     0.00
       79   28.283      -7.9663       0.0000         0.00     0.00     0.00
       80   28.601      -16.065       0.0000         0.00     0.00     0.00

    NODE        X            Y            Z          THXY     THYZ     THZX
       81   27.281      -24.054       0.0000         0.00     0.00     0.00
       82   24.609      -31.710       0.0000         0.00     0.00     0.00
       83   20.892      -38.911       0.0000         0.00     0.00     0.00
       84   15.374      -44.788       0.0000         0.00     0.00     0.00
       85   8.0088      -48.104       0.0000         0.00     0.00     0.00
       86   19.518      -22.788      -19.528         0.00     0.00     0.00
       87   6.1191      -29.946      -24.571         0.00     0.00     0.00
       88   11.824      -27.588      -23.361         0.00     0.00     0.00
       89   16.550      -24.928      -21.375         0.00     0.00     0.00
       90   19.828      -6.1427      -19.828         0.00     0.00     0.00
       91   20.240      -12.448      -20.240         0.00     0.00     0.00
       92   20.083      -18.440      -20.084         0.00     0.00     0.00
       93   24.558      -29.954      -6.1594         0.00     0.00     0.00
       94   23.335      -27.593      -11.871         0.00     0.00     0.00
       95   21.354      -24.929      -16.576         0.00     0.00     0.00
       96   6.8676      -36.851      -21.034         0.00     0.00     0.00
       97   7.8325      -42.941      -15.791         0.00     0.00     0.00
       98   8.2940      -46.771      -8.3623         0.00     0.00     0.00
       99   13.069      -33.611      -19.855         0.00     0.00     0.00
      100   14.676      -38.991      -14.796         0.00     0.00     0.00

    NODE        X            Y            Z          THXY     THYZ     THZX
      101   15.728      -42.955      -7.9256         0.00     0.00     0.00
      102   17.987      -29.537      -18.045         0.00     0.00     0.00
      103   19.790      -33.619      -13.160         0.00     0.00     0.00
      104   20.995      -36.869      -6.9544         0.00     0.00     0.00
      105   15.602      -6.3443      -23.335         0.00     0.00     0.00
      106   10.770      -6.8314      -25.997         0.00     0.00     0.00
      107   5.4969      -7.3982      -27.673         0.00     0.00     0.00
      108   16.028      -12.920      -23.732         0.00     0.00     0.00
      109   11.093      -13.916      -26.416         0.00     0.00     0.00
      110   5.6655      -15.039      -28.073         0.00     0.00     0.00
      111   16.210      -19.320      -23.181         0.00     0.00     0.00
      112   11.350      -20.988      -25.601         0.00     0.00     0.00
      113   5.8002      -22.665      -27.024         0.00     0.00     0.00
      114   27.021      -22.668      -5.8135         0.00     0.00     0.00
      115   28.073      -15.039      -5.6679         0.00     0.00     0.00
      116   27.673      -7.3982      -5.4969         0.00     0.00     0.00
      117   25.595      -20.989      -11.364         0.00     0.00     0.00
      118   26.415      -13.916      -11.095         0.00     0.00     0.00
      119   25.997      -6.8314      -10.770         0.00     0.00     0.00
      120   23.177      -19.320      -16.216         0.00     0.00     0.00

    NODE        X            Y            Z          THXY     THYZ     THZX
      121   23.732      -12.920      -16.028         0.00     0.00     0.00
      122   23.335      -6.3443      -15.602         0.00     0.00     0.00
      123  -18.278       0.0000       0.0000         0.00     0.00     0.00
      124  -3.5659       0.0000      -17.927         0.00     0.00     0.00
      125  -6.9947       0.0000      -16.887         0.00     0.00     0.00
      126  -10.155       0.0000      -15.198         0.00     0.00     0.00
      127  -12.924       0.0000      -12.924         0.00     0.00     0.00
      128  -15.198       0.0000      -10.155         0.00     0.00     0.00
      129  -16.887       0.0000      -6.9947         0.00     0.00     0.00
      130  -17.927       0.0000      -3.5659         0.00     0.00     0.00
      131  -19.135      -6.4757       0.0000         0.00     0.00     0.00
      132  -19.421      -13.002       0.0000         0.00     0.00     0.00
      133  -18.953      -19.513       0.0000         0.00     0.00     0.00
      134  -17.375      -25.846       0.0000         0.00     0.00     0.00
      135  -14.880      -31.879       0.0000         0.00     0.00     0.00
      136  -11.398      -37.393       0.0000         0.00     0.00     0.00
      137  -6.3469      -41.449       0.0000         0.00     0.00     0.00
      138  -13.555      -17.913      -13.547         0.00     0.00     0.00
      139  -13.420      -4.8919      -13.420         0.00     0.00     0.00
      140  -13.687      -9.8099      -13.687         0.00     0.00     0.00

    NODE        X            Y            Z          THXY     THYZ     THZX
      141  -13.716      -14.459      -13.714         0.00     0.00     0.00
      142  -17.391      -24.095      -4.3407         0.00     0.00     0.00
      143  -16.493      -21.956      -8.3403         0.00     0.00     0.00
      144  -14.971      -19.678      -11.579         0.00     0.00     0.00
      145  -4.3718      -24.100      -17.382         0.00     0.00     0.00
      146  -8.3761      -21.959      -16.475         0.00     0.00     0.00
      147  -11.598      -19.679      -14.956         0.00     0.00     0.00
      148  -10.553      -5.0616      -15.797         0.00     0.00     0.00
      149  -7.2784      -5.4775      -17.595         0.00     0.00     0.00
      150  -3.7123      -5.9729      -18.725         0.00     0.00     0.00
      151  -10.828      -10.202      -16.063         0.00     0.00     0.00
      152  -7.4899      -11.050      -17.895         0.00     0.00     0.00
      153  -3.8265      -12.043      -19.036         0.00     0.00     0.00
      154  -11.086      -15.186      -15.884         0.00     0.00     0.00
      155  -7.7993      -16.613      -17.637         0.00     0.00     0.00
      156  -4.0074      -18.130      -18.716         0.00     0.00     0.00
      157  -18.718      -18.128      -3.9974         0.00     0.00     0.00
      158  -19.037      -12.043      -3.8247         0.00     0.00     0.00
      159  -18.725      -5.9729      -3.7123         0.00     0.00     0.00
      160  -17.642      -16.612      -7.7891         0.00     0.00     0.00

    NODE        X            Y            Z          THXY     THYZ     THZX
      161  -17.895      -11.050      -7.4886         0.00     0.00     0.00
      162  -17.595      -5.4775      -7.2784         0.00     0.00     0.00
      163  -15.887      -15.186      -11.081         0.00     0.00     0.00
      164  -16.063      -10.202      -10.828         0.00     0.00     0.00
      165  -15.797      -5.0616      -10.553         0.00     0.00     0.00
      166  -5.0319      -29.789      -15.038         0.00     0.00     0.00
      167  -5.9368      -35.093      -11.633         0.00     0.00     0.00
      168  -6.7062      -39.424      -6.6565         0.00     0.00     0.00
      169  -9.4357      -26.900      -14.149         0.00     0.00     0.00
      170  -10.732      -31.398      -10.647         0.00     0.00     0.00
      171  -11.680      -35.082      -5.8590         0.00     0.00     0.00
      172  -12.822      -23.461      -12.780         0.00     0.00     0.00
      173  -14.198      -26.895      -9.3658         0.00     0.00     0.00
      174  -15.063      -29.779      -4.9686         0.00     0.00     0.00
      175  -26.778       0.0000       0.0000         0.00     0.00     0.00
      176  -28.283      -7.9663       0.0000         0.00     0.00     0.00
      177  -28.601      -16.065       0.0000         0.00     0.00     0.00
      178  -27.281      -24.054       0.0000         0.00     0.00     0.00
      179  -24.609      -31.710       0.0000         0.00     0.00     0.00
      180  -20.892      -38.911       0.0000         0.00     0.00     0.00

    NODE        X            Y            Z          THXY     THYZ     THZX
      181  -15.374      -44.788       0.0000         0.00     0.00     0.00
      182  -8.0088      -48.104       0.0000         0.00     0.00     0.00
      183  -5.2241       0.0000      -26.263         0.00     0.00     0.00
      184  -10.247       0.0000      -24.740         0.00     0.00     0.00
      185  -14.877       0.0000      -22.265         0.00     0.00     0.00
      186  -18.935       0.0000      -18.935         0.00     0.00     0.00
      187  -22.265       0.0000      -14.877         0.00     0.00     0.00
      188  -24.740       0.0000      -10.247         0.00     0.00     0.00
      189  -26.263       0.0000      -5.2241         0.00     0.00     0.00
      190  -19.528      -22.788      -19.518         0.00     0.00     0.00
      191  -24.571      -29.946      -6.1191         0.00     0.00     0.00
      192  -23.361      -27.588      -11.824         0.00     0.00     0.00
      193  -21.375      -24.928      -16.550         0.00     0.00     0.00
      194  -19.828      -6.1427      -19.828         0.00     0.00     0.00
      195  -20.240      -12.448      -20.240         0.00     0.00     0.00
      196  -20.084      -18.440      -20.083         0.00     0.00     0.00
      197  -6.1594      -29.954      -24.558         0.00     0.00     0.00
      198  -11.871      -27.593      -23.335         0.00     0.00     0.00
      199  -16.576      -24.929      -21.354         0.00     0.00     0.00
      200  -21.034      -36.851      -6.8676         0.00     0.00     0.00

    NODE        X            Y            Z          THXY     THYZ     THZX
      201  -15.791      -42.941      -7.8325         0.00     0.00     0.00
      202  -8.3623      -46.771      -8.2940         0.00     0.00     0.00
      203  -19.855      -33.611      -13.069         0.00     0.00     0.00
      204  -14.796      -38.991      -14.676         0.00     0.00     0.00
      205  -7.9256      -42.955      -15.728         0.00     0.00     0.00
      206  -18.045      -29.537      -17.987         0.00     0.00     0.00
      207  -13.160      -33.619      -19.790         0.00     0.00     0.00
      208  -6.9544      -36.869      -20.995         0.00     0.00     0.00
      209  -23.335      -6.3443      -15.602         0.00     0.00     0.00
      210  -25.997      -6.8314      -10.770         0.00     0.00     0.00
      211  -27.673      -7.3982      -5.4969         0.00     0.00     0.00
      212  -23.732      -12.920      -16.028         0.00     0.00     0.00
      213  -26.416      -13.916      -11.093         0.00     0.00     0.00
      214  -28.073      -15.039      -5.6655         0.00     0.00     0.00
      215  -23.181      -19.320      -16.210         0.00     0.00     0.00
      216  -25.601      -20.988      -11.350         0.00     0.00     0.00
      217  -27.024      -22.665      -5.8002         0.00     0.00     0.00
      218  -5.8135      -22.668      -27.021         0.00     0.00     0.00
      219  -5.6679      -15.039      -28.073         0.00     0.00     0.00
      220  -5.4969      -7.3982      -27.673         0.00     0.00     0.00

    NODE        X            Y            Z          THXY     THYZ     THZX
      221  -11.364      -20.989      -25.595         0.00     0.00     0.00
      222  -11.095      -13.916      -26.415         0.00     0.00     0.00
      223  -10.770      -6.8314      -25.997         0.00     0.00     0.00
      224  -16.216      -19.320      -23.177         0.00     0.00     0.00
      225  -16.028      -12.920      -23.732         0.00     0.00     0.00
      226  -15.602      -6.3443      -23.335         0.00     0.00     0.00
      227   0.0000       0.0000       18.278         0.00     0.00     0.00
      228  -17.927       0.0000       3.5659         0.00     0.00     0.00
      229  -16.887       0.0000       6.9947         0.00     0.00     0.00
      230  -15.198       0.0000       10.155         0.00     0.00     0.00
      231  -12.924       0.0000       12.924         0.00     0.00     0.00
      232  -10.155       0.0000       15.198         0.00     0.00     0.00
      233  -6.9947       0.0000       16.887         0.00     0.00     0.00
      234  -3.5659       0.0000       17.927         0.00     0.00     0.00
      235   0.0000      -6.4757       19.135         0.00     0.00     0.00
      236   0.0000      -13.002       19.421         0.00     0.00     0.00
      237   0.0000      -19.513       18.953         0.00     0.00     0.00
      238   0.0000      -25.846       17.375         0.00     0.00     0.00
      239   0.0000      -31.879       14.880         0.00     0.00     0.00
      240   0.0000      -37.393       11.398         0.00     0.00     0.00

    NODE        X            Y            Z          THXY     THYZ     THZX
      241   0.0000      -41.449       6.3469         0.00     0.00     0.00
      242  -13.547      -17.913       13.555         0.00     0.00     0.00
      243  -13.420      -4.8919       13.420         0.00     0.00     0.00
      244  -13.687      -9.8099       13.687         0.00     0.00     0.00
      245  -13.714      -14.459       13.716         0.00     0.00     0.00
      246  -4.3407      -24.095       17.391         0.00     0.00     0.00
      247  -8.3403      -21.956       16.493         0.00     0.00     0.00
      248  -11.579      -19.678       14.971         0.00     0.00     0.00
      249  -17.382      -24.100       4.3718         0.00     0.00     0.00
      250  -16.475      -21.959       8.3761         0.00     0.00     0.00
      251  -14.956      -19.679       11.598         0.00     0.00     0.00
      252  -15.797      -5.0616       10.553         0.00     0.00     0.00
      253  -17.595      -5.4775       7.2784         0.00     0.00     0.00
      254  -18.725      -5.9729       3.7123         0.00     0.00     0.00
      255  -16.063      -10.202       10.828         0.00     0.00     0.00
      256  -17.895      -11.050       7.4899         0.00     0.00     0.00
      257  -19.036      -12.043       3.8265         0.00     0.00     0.00
      258  -15.884      -15.186       11.086         0.00     0.00     0.00
      259  -17.637      -16.613       7.7993         0.00     0.00     0.00
      260  -18.716      -18.130       4.0074         0.00     0.00     0.00

    NODE        X            Y            Z          THXY     THYZ     THZX
      261  -3.9974      -18.128       18.718         0.00     0.00     0.00
      262  -3.8247      -12.043       19.037         0.00     0.00     0.00
      263  -3.7123      -5.9729       18.725         0.00     0.00     0.00
      264  -7.7891      -16.612       17.642         0.00     0.00     0.00
      265  -7.4886      -11.050       17.895         0.00     0.00     0.00
      266  -7.2784      -5.4775       17.595         0.00     0.00     0.00
      267  -11.081      -15.186       15.887         0.00     0.00     0.00
      268  -10.828      -10.202       16.063         0.00     0.00     0.00
      269  -10.553      -5.0616       15.797         0.00     0.00     0.00
      270  -15.038      -29.789       5.0319         0.00     0.00     0.00
      271  -11.633      -35.093       5.9368         0.00     0.00     0.00
      272  -6.6565      -39.424       6.7062         0.00     0.00     0.00
      273  -14.149      -26.900       9.4357         0.00     0.00     0.00
      274  -10.647      -31.398       10.732         0.00     0.00     0.00
      275  -5.8590      -35.082       11.680         0.00     0.00     0.00
      276  -12.780      -23.461       12.822         0.00     0.00     0.00
      277  -9.3658      -26.895       14.198         0.00     0.00     0.00
      278  -4.9686      -29.779       15.063         0.00     0.00     0.00
      279   0.0000       0.0000       26.778         0.00     0.00     0.00
      280   0.0000      -7.9663       28.283         0.00     0.00     0.00

    NODE        X            Y            Z          THXY     THYZ     THZX
      281   0.0000      -16.065       28.601         0.00     0.00     0.00
      282   0.0000      -24.054       27.281         0.00     0.00     0.00
      283   0.0000      -31.710       24.609         0.00     0.00     0.00
      284   0.0000      -38.911       20.892         0.00     0.00     0.00
      285   0.0000      -44.788       15.374         0.00     0.00     0.00
      286   0.0000      -48.104       8.0088         0.00     0.00     0.00
      287  -26.263       0.0000       5.2241         0.00     0.00     0.00
      288  -24.740       0.0000       10.247         0.00     0.00     0.00
      289  -22.265       0.0000       14.877         0.00     0.00     0.00
      290  -18.935       0.0000       18.935         0.00     0.00     0.00
      291  -14.877       0.0000       22.265         0.00     0.00     0.00
      292  -10.247       0.0000       24.740         0.00     0.00     0.00
      293  -5.2241       0.0000       26.263         0.00     0.00     0.00
      294  -19.518      -22.788       19.528         0.00     0.00     0.00
      295  -6.1191      -29.946       24.571         0.00     0.00     0.00
      296  -11.824      -27.588       23.361         0.00     0.00     0.00
      297  -16.550      -24.928       21.375         0.00     0.00     0.00
      298  -19.828      -6.1427       19.828         0.00     0.00     0.00
      299  -20.240      -12.448       20.240         0.00     0.00     0.00
      300  -20.083      -18.440       20.084         0.00     0.00     0.00

    NODE        X            Y            Z          THXY     THYZ     THZX
      301  -24.558      -29.954       6.1594         0.00     0.00     0.00
      302  -23.335      -27.593       11.871         0.00     0.00     0.00
      303  -21.354      -24.929       16.576         0.00     0.00     0.00
      304  -6.8676      -36.851       21.034         0.00     0.00     0.00
      305  -7.8325      -42.941       15.791         0.00     0.00     0.00
      306  -8.2940      -46.771       8.3623         0.00     0.00     0.00
      307  -13.069      -33.611       19.855         0.00     0.00     0.00
      308  -14.676      -38.991       14.796         0.00     0.00     0.00
      309  -15.728      -42.955       7.9256         0.00     0.00     0.00
      310  -17.987      -29.537       18.045         0.00     0.00     0.00
      311  -19.790      -33.619       13.160         0.00     0.00     0.00
      312  -20.995      -36.869       6.9544         0.00     0.00     0.00
      313  -15.602      -6.3443       23.335         0.00     0.00     0.00
      314  -10.770      -6.8314       25.997         0.00     0.00     0.00
      315  -5.4969      -7.3982       27.673         0.00     0.00     0.00
      316  -16.028      -12.920       23.732         0.00     0.00     0.00
      317  -11.093      -13.916       26.416         0.00     0.00     0.00
      318  -5.6655      -15.039       28.073         0.00     0.00     0.00
      319  -16.210      -19.320       23.181         0.00     0.00     0.00
      320  -11.350      -20.988       25.601         0.00     0.00     0.00

    NODE        X            Y            Z          THXY     THYZ     THZX
      321  -5.8002      -22.665       27.024         0.00     0.00     0.00
      322  -27.021      -22.668       5.8135         0.00     0.00     0.00
      323  -28.073      -15.039       5.6679         0.00     0.00     0.00
      324  -27.673      -7.3982       5.4969         0.00     0.00     0.00
      325  -25.595      -20.989       11.364         0.00     0.00     0.00
      326  -26.415      -13.916       11.095         0.00     0.00     0.00
      327  -25.997      -6.8314       10.770         0.00     0.00     0.00
      328  -23.177      -19.320       16.216         0.00     0.00     0.00
      329  -23.732      -12.920       16.028         0.00     0.00     0.00
      330  -23.335      -6.3443       15.602         0.00     0.00     0.00
      331   3.5659       0.0000       17.927         0.00     0.00     0.00
      332   6.9947       0.0000       16.887         0.00     0.00     0.00
      333   10.155       0.0000       15.198         0.00     0.00     0.00
      334   12.924       0.0000       12.924         0.00     0.00     0.00
      335   15.198       0.0000       10.155         0.00     0.00     0.00
      336   16.887       0.0000       6.9947         0.00     0.00     0.00
      337   17.927       0.0000       3.5659         0.00     0.00     0.00
      338   13.547      -17.913       13.555         0.00     0.00     0.00
      339   13.420      -4.8919       13.420         0.00     0.00     0.00
      340   13.687      -9.8099       13.687         0.00     0.00     0.00

    NODE        X            Y            Z          THXY     THYZ     THZX
      341   13.714      -14.459       13.716         0.00     0.00     0.00
      342   17.382      -24.100       4.3718         0.00     0.00     0.00
      343   16.475      -21.959       8.3761         0.00     0.00     0.00
      344   14.956      -19.679       11.598         0.00     0.00     0.00
      345   4.3407      -24.095       17.391         0.00     0.00     0.00
      346   8.3403      -21.956       16.493         0.00     0.00     0.00
      347   11.579      -19.678       14.971         0.00     0.00     0.00
      348   10.553      -5.0616       15.797         0.00     0.00     0.00
      349   7.2784      -5.4775       17.595         0.00     0.00     0.00
      350   3.7123      -5.9729       18.725         0.00     0.00     0.00
      351   10.828      -10.202       16.063         0.00     0.00     0.00
      352   7.4886      -11.050       17.895         0.00     0.00     0.00
      353   3.8247      -12.043       19.037         0.00     0.00     0.00
      354   11.081      -15.186       15.887         0.00     0.00     0.00
      355   7.7891      -16.612       17.642         0.00     0.00     0.00
      356   3.9974      -18.128       18.718         0.00     0.00     0.00
      357   18.716      -18.130       4.0074         0.00     0.00     0.00
      358   19.036      -12.043       3.8265         0.00     0.00     0.00
      359   18.725      -5.9729       3.7123         0.00     0.00     0.00
      360   17.637      -16.613       7.7993         0.00     0.00     0.00

    NODE        X            Y            Z          THXY     THYZ     THZX
      361   17.895      -11.050       7.4899         0.00     0.00     0.00
      362   17.595      -5.4775       7.2784         0.00     0.00     0.00
      363   15.884      -15.186       11.086         0.00     0.00     0.00
      364   16.063      -10.202       10.828         0.00     0.00     0.00
      365   15.797      -5.0616       10.553         0.00     0.00     0.00
      366   4.9686      -29.779       15.063         0.00     0.00     0.00
      367   5.8590      -35.082       11.680         0.00     0.00     0.00
      368   6.6565      -39.424       6.7062         0.00     0.00     0.00
      369   9.3658      -26.895       14.198         0.00     0.00     0.00
      370   10.647      -31.398       10.732         0.00     0.00     0.00
      371   11.633      -35.093       5.9368         0.00     0.00     0.00
      372   12.780      -23.461       12.822         0.00     0.00     0.00
      373   14.149      -26.900       9.4357         0.00     0.00     0.00
      374   15.038      -29.789       5.0319         0.00     0.00     0.00
      375   5.2241       0.0000       26.263         0.00     0.00     0.00
      376   10.247       0.0000       24.740         0.00     0.00     0.00
      377   14.877       0.0000       22.265         0.00     0.00     0.00
      378   18.935       0.0000       18.935         0.00     0.00     0.00
      379   22.265       0.0000       14.877         0.00     0.00     0.00
      380   24.740       0.0000       10.247         0.00     0.00     0.00

    NODE        X            Y            Z          THXY     THYZ     THZX
      381   26.263       0.0000       5.2241         0.00     0.00     0.00
      382   19.518      -22.788       19.528         0.00     0.00     0.00
      383   24.558      -29.954       6.1594         0.00     0.00     0.00
      384   23.335      -27.593       11.871         0.00     0.00     0.00
      385   21.354      -24.929       16.576         0.00     0.00     0.00
      386   19.828      -6.1427       19.828         0.00     0.00     0.00
      387   20.240      -12.448       20.240         0.00     0.00     0.00
      388   20.083      -18.440       20.084         0.00     0.00     0.00
      389   6.1191      -29.946       24.571         0.00     0.00     0.00
      390   11.824      -27.588       23.361         0.00     0.00     0.00
      391   16.550      -24.928       21.375         0.00     0.00     0.00
      392   20.995      -36.869       6.9544         0.00     0.00     0.00
      393   15.728      -42.955       7.9256         0.00     0.00     0.00
      394   8.2940      -46.771       8.3623         0.00     0.00     0.00
      395   19.790      -33.619       13.160         0.00     0.00     0.00
      396   14.676      -38.991       14.796         0.00     0.00     0.00
      397   7.8325      -42.941       15.791         0.00     0.00     0.00
      398   17.987      -29.537       18.045         0.00     0.00     0.00
      399   13.069      -33.611       19.855         0.00     0.00     0.00
      400   6.8676      -36.851       21.034         0.00     0.00     0.00

    NODE        X            Y            Z          THXY     THYZ     THZX
      401   23.335      -6.3443       15.602         0.00     0.00     0.00
      402   25.997      -6.8314       10.770         0.00     0.00     0.00
      403   27.673      -7.3982       5.4969         0.00     0.00     0.00
      404   23.732      -12.920       16.028         0.00     0.00     0.00
      405   26.415      -13.916       11.095         0.00     0.00     0.00
      406   28.073      -15.039       5.6679         0.00     0.00     0.00
      407   23.177      -19.320       16.216         0.00     0.00     0.00
      408   25.595      -20.989       11.364         0.00     0.00     0.00
      409   27.021      -22.668       5.8135         0.00     0.00     0.00
      410   5.8002      -22.665       27.024         0.00     0.00     0.00
      411   5.6655      -15.039       28.073         0.00     0.00     0.00
      412   5.4969      -7.3982       27.673         0.00     0.00     0.00
      413   11.350      -20.988       25.601         0.00     0.00     0.00
      414   11.093      -13.916       26.416         0.00     0.00     0.00
      415   10.770      -6.8314       25.997         0.00     0.00     0.00
      416   16.210      -19.320       23.181         0.00     0.00     0.00
      417   16.028      -12.920       23.732         0.00     0.00     0.00
      418   15.602      -6.3443       23.335         0.00     0.00     0.00

