
 LIST ALL SELECTED ELEMENTS.  (LIST NODES)
 
    ELEM MAT TYP REL ESY SEC        NODES
 
      99   1   1   1   0   1     23    50   169    24   374   388   436   375
     100   1   1   1   0   1     50    51   168   169   388   389   442   436
     101   1   1   1   0   1     51    52   167   168   389   390   448   442
     102   1   1   1   0   1     52    53   166   167   390   391   454   448
     103   1   1   1   0   1     53    54   165   166   391   392   460   454
     104   1   1   1   0   1     54    55   164   165   392   393   466   460
     106   1   1   1   0   1     24   169   163    25   375   436   437   376
     107   1   1   1   0   1    169   168   162   163   436   442   443   437
     108   1   1   1   0   1    168   167   161   162   442   448   449   443
     109   1   1   1   0   1    167   166   160   161   448   454   455   449
     110   1   1   1   0   1    166   165   159   160   454   460   461   455
     111   1   1   1   0   1    165   164   158   159   460   466   467   461
     113   1   1   1   0   1     25   163   157    26   376   437   438   377
     114   1   1   1   0   1    163   162   156   157   437   443   444   438
     115   1   1   1   0   1    162   161   155   156   443   449   450   444
     116   1   1   1   0   1    161   160   154   155   449   455   456   450
     117   1   1   1   0   1    160   159   153   154   455   461   462   456
     118   1   1   1   0   1    159   158   152   153   461   467   468   462
     120   1   1   1   0   1     26   157   151    27   377   438   439   378
     121   1   1   1   0   1    157   156   150   151   438   444   445   439
 
    ELEM MAT TYP REL ESY SEC        NODES
 
     122   1   1   1   0   1    156   155   149   150   444   450   451   445
     123   1   1   1   0   1    155   154   148   149   450   456   457   451
     124   1   1   1   0   1    154   153   147   148   456   462   463   457
     125   1   1   1   0   1    153   152   146   147   462   468   469   463
     127   1   1   1   0   1     27   151   145    28   378   439   440   379
     128   1   1   1   0   1    151   150   144   145   439   445   446   440
     129   1   1   1   0   1    150   149   143   144   445   451   452   446
     130   1   1   1   0   1    149   148   142   143   451   457   458   452
     131   1   1   1   0   1    148   147   141   142   457   463   464   458
     134   1   1   1   0   1     28   145   139    29   379   440   441   380
     135   1   1   1   0   1    145   144   138   139   440   446   447   441
     136   1   1   1   0   1    144   143   137   138   446   452   453   447
     137   1   1   1   0   1    143   142   136   137   452   458   459   453
     148   1   1   1   0   1    374   388   436   375   178   213   231   179
     149   1   1   1   0   1    388   389   442   436   213   214   237   231
     150   1   1   1   0   1    389   390   448   442   214   215   243   237
     151   1   1   1   0   1    390   391   454   448   215   216   249   243
     152   1   1   1   0   1    391   392   460   454   216   217   255   249
     155   1   1   1   0   1    375   436   437   376   179   231   232   180
     156   1   1   1   0   1    436   442   443   437   231   237   238   232
 
    ELEM MAT TYP REL ESY SEC        NODES
 
     157   1   1   1   0   1    442   448   449   443   237   243   244   238
     158   1   1   1   0   1    448   454   455   449   243   249   250   244
     159   1   1   1   0   1    454   460   461   455   249   255   256   250
     162   1   1   1   0   1    376   437   438   377   180   232   233   181
     163   1   1   1   0   1    437   443   444   438   232   238   239   233
     164   1   1   1   0   1    443   449   450   444   238   244   245   239
     165   1   1   1   0   1    449   455   456   450   244   250   251   245
     166   1   1   1   0   1    455   461   462   456   250   256   257   251
     169   1   1   1   0   1    377   438   439   378   181   233   234   182
     170   1   1   1   0   1    438   444   445   439   233   239   240   234
     171   1   1   1   0   1    444   450   451   445   239   245   246   240
     210   1   1   1   0   1    128    55    54   122   502   393   392   503
     216   1   1   1   0   1    123   122   116   117   497   503   504   498
     217   1   1   1   0   1    122    54    53   116   503   392   391   504
     222   1   1   1   0   1    118   117   111   112   492   498   499   493
     223   1   1   1   0   1    117   116   110   111   498   504   505   499
     224   1   1   1   0   1    116    53    52   110   504   391   390   505
     229   1   1   1   0   1    112   111   105   106   493   499   500   494
     230   1   1   1   0   1    111   110   104   105   499   505   506   500
     231   1   1   1   0   1    110    52    51   104   505   390   389   506
 
    ELEM MAT TYP REL ESY SEC        NODES
 
     235   1   1   1   0   1    107   106   100   101   488   494   495   489
     236   1   1   1   0   1    106   105    99   100   494   500   501   495
     237   1   1   1   0   1    105   104    98    99   500   506   507   501
     238   1   1   1   0   1    104    51    50    98   506   389   388   507
     242   1   1   1   0   1    101   100    20    19   489   495   371   370
     243   1   1   1   0   1    100    99    21    20   495   501   372   371
     244   1   1   1   0   1     99    98    22    21   501   507   373   372
     245   1   1   1   0   1     98    50    23    22   507   388   374   373
     265   1   1   1   0   1    497   503   504   498   292   298   299   293
     266   1   1   1   0   1    503   392   391   504   298   217   216   299
     271   1   1   1   0   1    492   498   499   493   287   293   294   288
     272   1   1   1   0   1    498   504   505   499   293   299   300   294
     273   1   1   1   0   1    504   391   390   505   299   216   215   300
     277   1   1   1   0   1    487   493   494   488   282   288   289   283
     278   1   1   1   0   1    493   499   500   494   288   294   295   289
     279   1   1   1   0   1    499   505   506   500   294   300   301   295
     280   1   1   1   0   1    505   390   389   506   300   215   214   301
     284   1   1   1   0   1    488   494   495   489   283   289   290   284
     285   1   1   1   0   1    494   500   501   495   289   295   296   290
     286   1   1   1   0   1    500   506   507   501   295   301   302   296
 
    ELEM MAT TYP REL ESY SEC        NODES
 
     287   1   1   1   0   1    506   389   388   507   301   214   213   302
     291   1   1   1   0   1    489   495   371   370   284   290   175   174
     292   1   1   1   0   1    495   501   372   371   290   296   176   175
     293   1   1   1   0   1    501   507   373   372   296   302   177   176
     294   1   1   1   0   1    507   388   374   373   302   213   178   177
     295   1   1   1   0   1     23   548   589    22   374   844   862   373
     296   1   1   1   0   1    548   549   588   589   844   845   868   862
     297   1   1   1   0   1    549   550   587   588   845   846   874   868
     298   1   1   1   0   1    550   551   586   587   846   847   880   874
     299   1   1   1   0   1    551   552   585   586   847   848   886   880
     300   1   1   1   0   1    552   553   584   585   848   849   892   886
     302   1   1   1   0   1     22   589   583    21   373   862   863   372
     303   1   1   1   0   1    589   588   582   583   862   868   869   863
     304   1   1   1   0   1    588   587   581   582   868   874   875   869
     305   1   1   1   0   1    587   586   580   581   874   880   881   875
     306   1   1   1   0   1    586   585   579   580   880   886   887   881
     309   1   1   1   0   1     21   583   577    20   372   863   864   371
     310   1   1   1   0   1    583   582   576   577   863   869   870   864
     311   1   1   1   0   1    582   581   575   576   869   875   876   870
     312   1   1   1   0   1    581   580   574   575   875   881   882   876
 
    ELEM MAT TYP REL ESY SEC        NODES
 
     316   1   1   1   0   1     20   577   571    19   371   864   865   370
     317   1   1   1   0   1    577   576   570   571   864   870   871   865
     344   1   1   1   0   1    374   844   862   373   178   702   780   177
     345   1   1   1   0   1    844   845   868   862   702   703   786   780
     346   1   1   1   0   1    845   846   874   868   703   704   792   786
     347   1   1   1   0   1    846   847   880   874   704   705   798   792
     348   1   1   1   0   1    847   848   886   880   705   706   804   798
     349   1   1   1   0   1    848   849   892   886   706   707   810   804
     351   1   1   1   0   1    373   862   863   372   177   780   781   176
     352   1   1   1   0   1    862   868   869   863   780   786   787   781
     353   1   1   1   0   1    868   874   875   869   786   792   793   787
     354   1   1   1   0   1    874   880   881   875   792   798   799   793
     355   1   1   1   0   1    880   886   887   881   798   804   805   799
     358   1   1   1   0   1    372   863   864   371   176   781   782   175
     359   1   1   1   0   1    863   869   870   864   781   787   788   782
     360   1   1   1   0   1    869   875   876   870   787   793   794   788
     361   1   1   1   0   1    875   881   882   876   793   799   800   794
     365   1   1   1   0   1    371   864   865   370   175   782   783   174
     366   1   1   1   0   1    864   870   871   865   782   788   789   783
     367   1   1   1   0   1    870   876   877   871   788   794   795   789
 
    ELEM MAT TYP REL ESY SEC        NODES
 
     403   1   1   1   0   1    659   658   652   653   910   916   917   911
     404   1   1   1   0   1    658   657   651   652   916   922   923   917
     405   1   1   1   0   1    657   656   650   651   922   928   929   923
     406   1   1   1   0   1    656   553   552   650   928   849   848   929
     408   1   1   1   0   1    655   654   648   649   899   905   906   900
     409   1   1   1   0   1    654   653   647   648   905   911   912   906
     410   1   1   1   0   1    653   652   646   647   911   917   918   912
     411   1   1   1   0   1    652   651   645   646   917   923   924   918
     412   1   1   1   0   1    651   650   644   645   923   929   930   924
     413   1   1   1   0   1    650   552   551   644   929   848   847   930
     415   1   1   1   0   1    649   648   642   643   900   906   907   901
     416   1   1   1   0   1    648   647   641   642   906   912   913   907
     417   1   1   1   0   1    647   646   640   641   912   918   919   913
     418   1   1   1   0   1    646   645   639   640   918   924   925   919
     419   1   1   1   0   1    645   644   638   639   924   930   931   925
     420   1   1   1   0   1    644   551   550   638   930   847   846   931
     422   1   1   1   0   1    643   642   636   637   901   907   908   902
     423   1   1   1   0   1    642   641   635   636   907   913   914   908
     424   1   1   1   0   1    641   640   634   635   913   919   920   914
     425   1   1   1   0   1    640   639   633   634   919   925   926   920
 
    ELEM MAT TYP REL ESY SEC        NODES
 
     426   1   1   1   0   1    639   638   632   633   925   931   932   926
     427   1   1   1   0   1    638   550   549   632   931   846   845   932
     429   1   1   1   0   1    637   636   630   631   902   908   909   903
     430   1   1   1   0   1    636   635   629   630   908   914   915   909
     431   1   1   1   0   1    635   634   628   629   914   920   921   915
     432   1   1   1   0   1    634   633   627   628   920   926   927   921
     433   1   1   1   0   1    633   632   626   627   926   932   933   927
     434   1   1   1   0   1    632   549   548   626   932   845   844   933
     436   1   1   1   0   1    631   630    28    29   903   909   379   380
     437   1   1   1   0   1    630   629    27    28   909   915   378   379
     438   1   1   1   0   1    629   628    26    27   915   921   377   378
     439   1   1   1   0   1    628   627    25    26   921   927   376   377
     440   1   1   1   0   1    627   626    24    25   927   933   375   376
     441   1   1   1   0   1    626   548    23    24   933   844   374   375
     455   1   1   1   0   1    928   849   848   929   738   707   706   739
     460   1   1   1   0   1    917   923   924   918   727   733   734   728
     461   1   1   1   0   1    923   929   930   924   733   739   740   734
     462   1   1   1   0   1    929   848   847   930   739   706   705   740
     466   1   1   1   0   1    912   918   919   913   722   728   729   723
     467   1   1   1   0   1    918   924   925   919   728   734   735   729
 
    ELEM MAT TYP REL ESY SEC        NODES
 
     468   1   1   1   0   1    924   930   931   925   734   740   741   735
     469   1   1   1   0   1    930   847   846   931   740   705   704   741
     473   1   1   1   0   1    913   919   920   914   723   729   730   724
     474   1   1   1   0   1    919   925   926   920   729   735   736   730
     475   1   1   1   0   1    925   931   932   926   735   741   742   736
     476   1   1   1   0   1    931   846   845   932   741   704   703   742
     480   1   1   1   0   1    914   920   921   915   724   730   731   725
     481   1   1   1   0   1    920   926   927   921   730   736   737   731
     482   1   1   1   0   1    926   932   933   927   736   742   743   737
     483   1   1   1   0   1    932   845   844   933   742   703   702   743
     487   1   1   1   0   1    915   921   377   378   725   731   181   182
     488   1   1   1   0   1    921   927   376   377   731   737   180   181
     489   1   1   1   0   1    927   933   375   376   737   743   179   180
     490   1   1   1   0   1    933   844   374   375   743   702   178   179

