
 LIST ALL SELECTED NODES.   DSYS=      0

    NODE        X            Y            Z          THXY     THYZ     THZX
        1   18.278       0.0000       0.0000         0.00     0.00     0.00
        2   0.0000       0.0000      -18.278         0.00     0.00     0.00
        3   18.163       0.0000      -2.0465         0.00     0.00     0.00
        4   17.820       0.0000      -4.0672         0.00     0.00     0.00
        5   17.252       0.0000      -6.0368         0.00     0.00     0.00
        6   16.468       0.0000      -7.9305         0.00     0.00     0.00
        7   15.476       0.0000      -9.7245         0.00     0.00     0.00
        8   14.290       0.0000      -11.396         0.00     0.00     0.00
        9   12.924       0.0000      -12.924         0.00     0.00     0.00
       10   11.396       0.0000      -14.290         0.00     0.00     0.00
       11   9.7245       0.0000      -15.476         0.00     0.00     0.00
       12   7.9305       0.0000      -16.468         0.00     0.00     0.00
       13   6.0368       0.0000      -17.252         0.00     0.00     0.00
       14   4.0672       0.0000      -17.820         0.00     0.00     0.00
       15   2.0465       0.0000      -18.163         0.00     0.00     0.00
       16   0.0000      -42.750       0.0000         0.00     0.00     0.00
       17   0.0000      -3.6912      -18.838         0.00     0.00     0.00
       18   0.0000      -7.4061      -19.212         0.00     0.00     0.00
       19   0.0000      -11.135      -19.401         0.00     0.00     0.00
       20   0.0000      -14.868      -19.382         0.00     0.00     0.00

    NODE        X            Y            Z          THXY     THYZ     THZX
       21   0.0000      -18.589      -19.084         0.00     0.00     0.00
       22   0.0000      -22.260      -18.411         0.00     0.00     0.00
       23   0.0000      -25.846      -17.375         0.00     0.00     0.00
       24   0.0000      -29.336      -16.052         0.00     0.00     0.00
       25   0.0000      -32.709      -14.452         0.00     0.00     0.00
       26   0.0000      -35.902      -12.520         0.00     0.00     0.00
       27   0.0000      -38.776      -10.145         0.00     0.00     0.00
       28   0.0000      -41.023      -7.1777         0.00     0.00     0.00
       29   0.0000      -42.361      -3.7045         0.00     0.00     0.00
       30   18.838      -3.6912       0.0000         0.00     0.00     0.00
       31   19.212      -7.4061       0.0000         0.00     0.00     0.00
       32   19.401      -11.135       0.0000         0.00     0.00     0.00
       33   19.382      -14.868       0.0000         0.00     0.00     0.00
       34   19.084      -18.589       0.0000         0.00     0.00     0.00
       35   18.411      -22.260       0.0000         0.00     0.00     0.00
       36   17.375      -25.846       0.0000         0.00     0.00     0.00
       37   16.052      -29.336       0.0000         0.00     0.00     0.00
       38   14.452      -32.709       0.0000         0.00     0.00     0.00
       39   12.520      -35.902       0.0000         0.00     0.00     0.00
       40   10.145      -38.776       0.0000         0.00     0.00     0.00

    NODE        X            Y            Z          THXY     THYZ     THZX
       41   7.1777      -41.023       0.0000         0.00     0.00     0.00
       42   3.7045      -42.361       0.0000         0.00     0.00     0.00
       43   13.558      -17.812      -13.560         0.00     0.00     0.00
       44   13.224      -2.6607      -13.224         0.00     0.00     0.00
       45   13.455      -5.3590      -13.455         0.00     0.00     0.00
       46   13.619      -8.0790      -13.619         0.00     0.00     0.00
       47   13.712      -10.809      -13.712         0.00     0.00     0.00
       48   13.729      -13.500      -13.729         0.00     0.00     0.00
       49   13.666      -15.997      -13.666         0.00     0.00     0.00
       50   2.2825      -24.929      -17.524         0.00     0.00     0.00
       51   4.5713      -23.879      -17.396         0.00     0.00     0.00
       52   6.8290      -22.689      -16.985         0.00     0.00     0.00
       53   8.9816      -21.387      -16.297         0.00     0.00     0.00
       54   10.927      -20.032      -15.382         0.00     0.00     0.00
       55   12.531      -18.745      -14.366         0.00     0.00     0.00
       56   17.522      -24.930      -2.2969         0.00     0.00     0.00
       57   17.390      -23.880      -4.5928         0.00     0.00     0.00
       58   16.976      -22.690      -6.8494         0.00     0.00     0.00
       59   16.289      -21.387      -8.9963         0.00     0.00     0.00
       60   15.376      -20.032      -10.935         0.00     0.00     0.00

    NODE        X            Y            Z          THXY     THYZ     THZX
       61   14.363      -18.745      -12.535         0.00     0.00     0.00
       62   14.628      -2.7180      -11.665         0.00     0.00     0.00
       63   15.862      -2.8607      -9.9597         0.00     0.00     0.00
       64   16.903      -3.0351      -8.1215         0.00     0.00     0.00
       65   17.732      -3.2094      -6.1754         0.00     0.00     0.00
       66   18.333      -3.3749      -4.1531         0.00     0.00     0.00
       67   18.702      -3.5323      -2.0862         0.00     0.00     0.00
       68   14.883      -5.4740      -11.875         0.00     0.00     0.00
       69   16.147      -5.7602      -10.143         0.00     0.00     0.00
       70   17.220      -6.1100      -8.2683         0.00     0.00     0.00
       71   18.075      -6.4594      -6.2786         0.00     0.00     0.00
       72   18.693      -6.7903      -4.2142         0.00     0.00     0.00
       73   19.071      -7.1021      -2.1130         0.00     0.00     0.00
       74   15.055      -8.2517      -12.030         0.00     0.00     0.00
       75   16.331      -8.6815      -10.281         0.00     0.00     0.00
       76   17.417      -9.2066      -8.3786         0.00     0.00     0.00
       77   18.279      -9.7307      -6.3545         0.00     0.00     0.00
       78   18.899      -10.226      -4.2574         0.00     0.00     0.00
       79   19.271      -10.691      -2.1311         0.00     0.00     0.00
       80   15.139      -11.039      -12.130         0.00     0.00     0.00

    NODE        X            Y            Z          THXY     THYZ     THZX
       81   16.405      -11.612      -10.376         0.00     0.00     0.00
       82   17.482      -12.312      -8.4554         0.00     0.00     0.00
       83   18.333      -13.011      -6.4068         0.00     0.00     0.00
       84   18.935      -13.671      -4.2859         0.00     0.00     0.00
       85   19.282      -14.287      -2.1423         0.00     0.00     0.00
       86   15.106      -13.812      -12.191         0.00     0.00     0.00
       87   16.341      -14.532      -10.445         0.00     0.00     0.00
       88   17.385      -15.410      -8.5167         0.00     0.00     0.00
       89   18.199      -16.286      -6.4508         0.00     0.00     0.00
       90   18.755      -17.112      -4.3105         0.00     0.00     0.00
       91   19.047      -17.878      -2.1519         0.00     0.00     0.00
       92   14.895      -16.445      -12.268         0.00     0.00     0.00
       93   16.044      -17.379      -10.581         0.00     0.00     0.00
       94   17.032      -18.458      -8.6450         0.00     0.00     0.00
       95   17.781      -19.528      -6.5537         0.00     0.00     0.00
       96   18.262      -20.526      -4.3791         0.00     0.00     0.00
       97   18.469      -21.435      -2.1851         0.00     0.00     0.00
       98   2.1816      -21.435      -18.469         0.00     0.00     0.00
       99   2.1515      -17.877      -19.047         0.00     0.00     0.00
      100   2.1423      -14.287      -19.282         0.00     0.00     0.00

    NODE        X            Y            Z          THXY     THYZ     THZX
      101   2.1311      -10.691      -19.271         0.00     0.00     0.00
      102   2.1130      -7.1021      -19.071         0.00     0.00     0.00
      103   2.0862      -3.5323      -18.702         0.00     0.00     0.00
      104   4.3740      -20.526      -18.263         0.00     0.00     0.00
      105   4.3099      -17.112      -18.755         0.00     0.00     0.00
      106   4.2859      -13.671      -18.935         0.00     0.00     0.00
      107   4.2574      -10.226      -18.899         0.00     0.00     0.00
      108   4.2142      -6.7903      -18.693         0.00     0.00     0.00
      109   4.1531      -3.3749      -18.333         0.00     0.00     0.00
      110   6.5489      -19.528      -17.783         0.00     0.00     0.00
      111   6.4503      -16.286      -18.199         0.00     0.00     0.00
      112   6.4068      -13.011      -18.333         0.00     0.00     0.00
      113   6.3545      -9.7307      -18.279         0.00     0.00     0.00
      114   6.2786      -6.4594      -18.075         0.00     0.00     0.00
      115   6.1754      -3.2094      -17.732         0.00     0.00     0.00
      116   8.6416      -18.458      -17.034         0.00     0.00     0.00
      117   8.5163      -15.410      -17.385         0.00     0.00     0.00
      118   8.4554      -12.312      -17.482         0.00     0.00     0.00
      119   8.3786      -9.2066      -17.417         0.00     0.00     0.00
      120   8.2683      -6.1100      -17.220         0.00     0.00     0.00

    NODE        X            Y            Z          THXY     THYZ     THZX
      121   8.1215      -3.0351      -16.903         0.00     0.00     0.00
      122   10.579      -17.379      -16.045         0.00     0.00     0.00
      123   10.444      -14.532      -16.341         0.00     0.00     0.00
      124   10.376      -11.612      -16.405         0.00     0.00     0.00
      125   10.281      -8.6815      -16.331         0.00     0.00     0.00
      126   10.143      -5.7602      -16.147         0.00     0.00     0.00
      127   9.9597      -2.8607      -15.862         0.00     0.00     0.00
      128   12.267      -16.445      -14.896         0.00     0.00     0.00
      129   12.191      -13.812      -15.106         0.00     0.00     0.00
      130   12.130      -11.039      -15.139         0.00     0.00     0.00
      131   12.030      -8.2517      -15.055         0.00     0.00     0.00
      132   11.875      -5.4740      -14.883         0.00     0.00     0.00
      133   11.665      -2.7180      -14.628         0.00     0.00     0.00
      134   16.258      -28.359      -2.5291         0.00     0.00     0.00
      135   14.687      -31.714      -2.8558         0.00     0.00     0.00
      136   12.754      -34.945      -3.2238         0.00     0.00     0.00
      137   10.365      -37.916      -3.5455         0.00     0.00     0.00
      138   7.3528      -40.336      -3.8024         0.00     0.00     0.00
      139   3.8081      -41.841      -3.8534         0.00     0.00     0.00
      140   16.147      -27.165      -5.0237         0.00     0.00     0.00

    NODE        X            Y            Z          THXY     THYZ     THZX
      141   14.544      -30.380      -5.6267         0.00     0.00     0.00
      142   12.554      -33.476      -6.2695         0.00     0.00     0.00
      143   10.101      -36.329      -6.8723         0.00     0.00     0.00
      144   7.1470      -38.714      -7.2884         0.00     0.00     0.00
      145   3.6837      -40.320      -7.4399         0.00     0.00     0.00
      146   15.744      -25.749      -7.4257         0.00     0.00     0.00
      147   14.096      -28.707      -8.2109         0.00     0.00     0.00
      148   12.037      -31.536      -9.0331         0.00     0.00     0.00
      149   9.5660      -34.133      -9.7416         0.00     0.00     0.00
      150   6.6648      -36.313      -10.254         0.00     0.00     0.00
      151   3.4274      -37.893      -10.426         0.00     0.00     0.00
      152   15.075      -24.156      -9.6637         0.00     0.00     0.00
      153   13.400      -26.778      -10.544         0.00     0.00     0.00
      154   11.316      -29.259      -11.431         0.00     0.00     0.00
      155   8.8657      -31.529      -12.165         0.00     0.00     0.00
      156   6.1014      -33.458      -12.647         0.00     0.00     0.00
      157   3.1039      -34.923      -12.798         0.00     0.00     0.00
      158   14.199      -22.435      -11.654         0.00     0.00     0.00
      159   12.529      -24.680      -12.573         0.00     0.00     0.00
      160   10.465      -26.776      -13.462         0.00     0.00     0.00

    NODE        X            Y            Z          THXY     THYZ     THZX
      161   8.0997      -28.701      -14.163         0.00     0.00     0.00
      162   5.5085      -30.368      -14.595         0.00     0.00     0.00
      163   2.7807      -31.702      -14.707         0.00     0.00     0.00
      164   13.259      -20.642      -13.269         0.00     0.00     0.00
      165   11.631      -22.434      -14.218         0.00     0.00     0.00
      166   9.6233      -24.155      -15.102         0.00     0.00     0.00
      167   7.3697      -25.746      -15.771         0.00     0.00     0.00
      168   4.9647      -27.160      -16.167         0.00     0.00     0.00
      169   2.4900      -28.354      -16.266         0.00     0.00     0.00
      508  -18.278       0.0000       0.0000         0.00     0.00     0.00
      509  -2.0465       0.0000      -18.163         0.00     0.00     0.00
      510  -4.0672       0.0000      -17.820         0.00     0.00     0.00
      511  -6.0368       0.0000      -17.252         0.00     0.00     0.00
      512  -7.9305       0.0000      -16.468         0.00     0.00     0.00
      513  -9.7245       0.0000      -15.476         0.00     0.00     0.00
      514  -11.396       0.0000      -14.290         0.00     0.00     0.00
      515  -12.924       0.0000      -12.924         0.00     0.00     0.00
      516  -14.290       0.0000      -11.396         0.00     0.00     0.00
      517  -15.476       0.0000      -9.7245         0.00     0.00     0.00
      518  -16.468       0.0000      -7.9305         0.00     0.00     0.00

    NODE        X            Y            Z          THXY     THYZ     THZX
      519  -17.252       0.0000      -6.0368         0.00     0.00     0.00
      520  -17.820       0.0000      -4.0672         0.00     0.00     0.00
      521  -18.163       0.0000      -2.0465         0.00     0.00     0.00
      522  -18.838      -3.6912       0.0000         0.00     0.00     0.00
      523  -19.212      -7.4061       0.0000         0.00     0.00     0.00
      524  -19.401      -11.135       0.0000         0.00     0.00     0.00
      525  -19.382      -14.868       0.0000         0.00     0.00     0.00
      526  -19.084      -18.589       0.0000         0.00     0.00     0.00
      527  -18.411      -22.260       0.0000         0.00     0.00     0.00
      528  -17.375      -25.846       0.0000         0.00     0.00     0.00
      529  -16.052      -29.336       0.0000         0.00     0.00     0.00
      530  -14.452      -32.709       0.0000         0.00     0.00     0.00
      531  -12.520      -35.902       0.0000         0.00     0.00     0.00
      532  -10.145      -38.776       0.0000         0.00     0.00     0.00
      533  -7.1777      -41.023       0.0000         0.00     0.00     0.00
      534  -3.7045      -42.361       0.0000         0.00     0.00     0.00
      535  -13.560      -17.812      -13.558         0.00     0.00     0.00
      536  -13.224      -2.6607      -13.224         0.00     0.00     0.00
      537  -13.455      -5.3590      -13.455         0.00     0.00     0.00
      538  -13.619      -8.0790      -13.619         0.00     0.00     0.00

    NODE        X            Y            Z          THXY     THYZ     THZX
      539  -13.712      -10.809      -13.712         0.00     0.00     0.00
      540  -13.729      -13.500      -13.729         0.00     0.00     0.00
      541  -13.666      -15.997      -13.666         0.00     0.00     0.00
      542  -17.524      -24.929      -2.2825         0.00     0.00     0.00
      543  -17.396      -23.879      -4.5713         0.00     0.00     0.00
      544  -16.985      -22.689      -6.8290         0.00     0.00     0.00
      545  -16.297      -21.387      -8.9816         0.00     0.00     0.00
      546  -15.382      -20.032      -10.927         0.00     0.00     0.00
      547  -14.366      -18.745      -12.531         0.00     0.00     0.00
      548  -2.2969      -24.930      -17.522         0.00     0.00     0.00
      549  -4.5928      -23.880      -17.390         0.00     0.00     0.00
      550  -6.8494      -22.690      -16.976         0.00     0.00     0.00
      551  -8.9963      -21.387      -16.289         0.00     0.00     0.00
      552  -10.935      -20.032      -15.376         0.00     0.00     0.00
      553  -12.535      -18.745      -14.363         0.00     0.00     0.00
      554  -11.665      -2.7180      -14.628         0.00     0.00     0.00
      555  -9.9597      -2.8607      -15.862         0.00     0.00     0.00
      556  -8.1215      -3.0351      -16.903         0.00     0.00     0.00
      557  -6.1754      -3.2094      -17.732         0.00     0.00     0.00
      558  -4.1531      -3.3749      -18.333         0.00     0.00     0.00

    NODE        X            Y            Z          THXY     THYZ     THZX
      559  -2.0862      -3.5323      -18.702         0.00     0.00     0.00
      560  -11.875      -5.4740      -14.883         0.00     0.00     0.00
      561  -10.143      -5.7602      -16.147         0.00     0.00     0.00
      562  -8.2683      -6.1100      -17.220         0.00     0.00     0.00
      563  -6.2786      -6.4594      -18.075         0.00     0.00     0.00
      564  -4.2142      -6.7903      -18.693         0.00     0.00     0.00
      565  -2.1130      -7.1021      -19.071         0.00     0.00     0.00
      566  -12.030      -8.2517      -15.055         0.00     0.00     0.00
      567  -10.281      -8.6815      -16.331         0.00     0.00     0.00
      568  -8.3786      -9.2066      -17.417         0.00     0.00     0.00
      569  -6.3545      -9.7307      -18.279         0.00     0.00     0.00
      570  -4.2574      -10.226      -18.899         0.00     0.00     0.00
      571  -2.1311      -10.691      -19.271         0.00     0.00     0.00
      572  -12.130      -11.039      -15.139         0.00     0.00     0.00
      573  -10.376      -11.612      -16.405         0.00     0.00     0.00
      574  -8.4554      -12.312      -17.482         0.00     0.00     0.00
      575  -6.4068      -13.011      -18.333         0.00     0.00     0.00
      576  -4.2859      -13.671      -18.935         0.00     0.00     0.00
      577  -2.1423      -14.287      -19.282         0.00     0.00     0.00
      578  -12.191      -13.812      -15.106         0.00     0.00     0.00

    NODE        X            Y            Z          THXY     THYZ     THZX
      579  -10.445      -14.532      -16.341         0.00     0.00     0.00
      580  -8.5167      -15.410      -17.385         0.00     0.00     0.00
      581  -6.4508      -16.286      -18.199         0.00     0.00     0.00
      582  -4.3105      -17.112      -18.755         0.00     0.00     0.00
      583  -2.1519      -17.878      -19.047         0.00     0.00     0.00
      584  -12.268      -16.445      -14.895         0.00     0.00     0.00
      585  -10.581      -17.379      -16.044         0.00     0.00     0.00
      586  -8.6450      -18.458      -17.032         0.00     0.00     0.00
      587  -6.5537      -19.528      -17.781         0.00     0.00     0.00
      588  -4.3791      -20.526      -18.262         0.00     0.00     0.00
      589  -2.1851      -21.435      -18.469         0.00     0.00     0.00
      590  -18.469      -21.435      -2.1816         0.00     0.00     0.00
      591  -19.047      -17.877      -2.1515         0.00     0.00     0.00
      592  -19.282      -14.287      -2.1423         0.00     0.00     0.00
      593  -19.271      -10.691      -2.1311         0.00     0.00     0.00
      594  -19.071      -7.1021      -2.1130         0.00     0.00     0.00
      595  -18.702      -3.5323      -2.0862         0.00     0.00     0.00
      596  -18.263      -20.526      -4.3740         0.00     0.00     0.00
      597  -18.755      -17.112      -4.3099         0.00     0.00     0.00
      598  -18.935      -13.671      -4.2859         0.00     0.00     0.00

    NODE        X            Y            Z          THXY     THYZ     THZX
      599  -18.899      -10.226      -4.2574         0.00     0.00     0.00
      600  -18.693      -6.7903      -4.2142         0.00     0.00     0.00
      601  -18.333      -3.3749      -4.1531         0.00     0.00     0.00
      602  -17.783      -19.528      -6.5489         0.00     0.00     0.00
      603  -18.199      -16.286      -6.4503         0.00     0.00     0.00
      604  -18.333      -13.011      -6.4068         0.00     0.00     0.00
      605  -18.279      -9.7307      -6.3545         0.00     0.00     0.00
      606  -18.075      -6.4594      -6.2786         0.00     0.00     0.00
      607  -17.732      -3.2094      -6.1754         0.00     0.00     0.00
      608  -17.034      -18.458      -8.6416         0.00     0.00     0.00
      609  -17.385      -15.410      -8.5163         0.00     0.00     0.00
      610  -17.482      -12.312      -8.4554         0.00     0.00     0.00
      611  -17.417      -9.2066      -8.3786         0.00     0.00     0.00
      612  -17.220      -6.1100      -8.2683         0.00     0.00     0.00
      613  -16.903      -3.0351      -8.1215         0.00     0.00     0.00
      614  -16.045      -17.379      -10.579         0.00     0.00     0.00
      615  -16.341      -14.532      -10.444         0.00     0.00     0.00
      616  -16.405      -11.612      -10.376         0.00     0.00     0.00
      617  -16.331      -8.6815      -10.281         0.00     0.00     0.00
      618  -16.147      -5.7602      -10.143         0.00     0.00     0.00

    NODE        X            Y            Z          THXY     THYZ     THZX
      619  -15.862      -2.8607      -9.9597         0.00     0.00     0.00
      620  -14.896      -16.445      -12.267         0.00     0.00     0.00
      621  -15.106      -13.812      -12.191         0.00     0.00     0.00
      622  -15.139      -11.039      -12.130         0.00     0.00     0.00
      623  -15.055      -8.2517      -12.030         0.00     0.00     0.00
      624  -14.883      -5.4740      -11.875         0.00     0.00     0.00
      625  -14.628      -2.7180      -11.665         0.00     0.00     0.00
      626  -2.5291      -28.359      -16.258         0.00     0.00     0.00
      627  -2.8558      -31.714      -14.687         0.00     0.00     0.00
      628  -3.2238      -34.945      -12.754         0.00     0.00     0.00
      629  -3.5455      -37.916      -10.365         0.00     0.00     0.00
      630  -3.8024      -40.336      -7.3528         0.00     0.00     0.00
      631  -3.8534      -41.841      -3.8081         0.00     0.00     0.00
      632  -5.0237      -27.165      -16.147         0.00     0.00     0.00
      633  -5.6267      -30.380      -14.544         0.00     0.00     0.00
      634  -6.2695      -33.476      -12.554         0.00     0.00     0.00
      635  -6.8723      -36.329      -10.101         0.00     0.00     0.00
      636  -7.2884      -38.714      -7.1470         0.00     0.00     0.00
      637  -7.4399      -40.320      -3.6837         0.00     0.00     0.00
      638  -7.4257      -25.749      -15.744         0.00     0.00     0.00

    NODE        X            Y            Z          THXY     THYZ     THZX
      639  -8.2109      -28.707      -14.096         0.00     0.00     0.00
      640  -9.0331      -31.536      -12.037         0.00     0.00     0.00
      641  -9.7416      -34.133      -9.5660         0.00     0.00     0.00
      642  -10.254      -36.313      -6.6648         0.00     0.00     0.00
      643  -10.426      -37.893      -3.4274         0.00     0.00     0.00
      644  -9.6637      -24.156      -15.075         0.00     0.00     0.00
      645  -10.544      -26.778      -13.400         0.00     0.00     0.00
      646  -11.431      -29.259      -11.316         0.00     0.00     0.00
      647  -12.165      -31.529      -8.8657         0.00     0.00     0.00
      648  -12.647      -33.458      -6.1014         0.00     0.00     0.00
      649  -12.798      -34.923      -3.1039         0.00     0.00     0.00
      650  -11.654      -22.435      -14.199         0.00     0.00     0.00
      651  -12.573      -24.680      -12.529         0.00     0.00     0.00
      652  -13.462      -26.776      -10.465         0.00     0.00     0.00
      653  -14.163      -28.701      -8.0997         0.00     0.00     0.00
      654  -14.595      -30.368      -5.5085         0.00     0.00     0.00
      655  -14.707      -31.702      -2.7807         0.00     0.00     0.00
      656  -13.269      -20.642      -13.259         0.00     0.00     0.00
      657  -14.218      -22.434      -11.631         0.00     0.00     0.00
      658  -15.102      -24.155      -9.6233         0.00     0.00     0.00

    NODE        X            Y            Z          THXY     THYZ     THZX
      659  -15.771      -25.746      -7.3697         0.00     0.00     0.00
      660  -16.167      -27.160      -4.9647         0.00     0.00     0.00
      661  -16.266      -28.354      -2.4900         0.00     0.00     0.00
      970   0.0000       0.0000       18.278         0.00     0.00     0.00
      971  -18.163       0.0000       2.0465         0.00     0.00     0.00
      972  -17.820       0.0000       4.0672         0.00     0.00     0.00
      973  -17.252       0.0000       6.0368         0.00     0.00     0.00
      974  -16.468       0.0000       7.9305         0.00     0.00     0.00
      975  -15.476       0.0000       9.7245         0.00     0.00     0.00
      976  -14.290       0.0000       11.396         0.00     0.00     0.00
      977  -12.924       0.0000       12.924         0.00     0.00     0.00
      978  -11.396       0.0000       14.290         0.00     0.00     0.00
      979  -9.7245       0.0000       15.476         0.00     0.00     0.00
      980  -7.9305       0.0000       16.468         0.00     0.00     0.00
      981  -6.0368       0.0000       17.252         0.00     0.00     0.00
      982  -4.0672       0.0000       17.820         0.00     0.00     0.00
      983  -2.0465       0.0000       18.163         0.00     0.00     0.00
      984   0.0000      -3.6912       18.838         0.00     0.00     0.00
      985   0.0000      -7.4061       19.212         0.00     0.00     0.00
      986   0.0000      -11.135       19.401         0.00     0.00     0.00

    NODE        X            Y            Z          THXY     THYZ     THZX
      987   0.0000      -14.868       19.382         0.00     0.00     0.00
      988   0.0000      -18.589       19.084         0.00     0.00     0.00
      989   0.0000      -22.260       18.411         0.00     0.00     0.00
      990   0.0000      -25.846       17.375         0.00     0.00     0.00
      991   0.0000      -29.336       16.052         0.00     0.00     0.00
      992   0.0000      -32.709       14.452         0.00     0.00     0.00
      993   0.0000      -35.902       12.520         0.00     0.00     0.00
      994   0.0000      -38.776       10.145         0.00     0.00     0.00
      995   0.0000      -41.023       7.1777         0.00     0.00     0.00
      996   0.0000      -42.361       3.7045         0.00     0.00     0.00
      997  -13.558      -17.812       13.560         0.00     0.00     0.00
      998  -13.224      -2.6607       13.224         0.00     0.00     0.00
      999  -13.455      -5.3590       13.455         0.00     0.00     0.00
     1000  -13.619      -8.0790       13.619         0.00     0.00     0.00
     1001  -13.712      -10.809       13.712         0.00     0.00     0.00
     1002  -13.729      -13.500       13.729         0.00     0.00     0.00
     1003  -13.666      -15.997       13.666         0.00     0.00     0.00
     1004  -2.2825      -24.929       17.524         0.00     0.00     0.00
     1005  -4.5713      -23.879       17.396         0.00     0.00     0.00
     1006  -6.8290      -22.689       16.985         0.00     0.00     0.00

    NODE        X            Y            Z          THXY     THYZ     THZX
     1007  -8.9816      -21.387       16.297         0.00     0.00     0.00
     1008  -10.927      -20.032       15.382         0.00     0.00     0.00
     1009  -12.531      -18.745       14.366         0.00     0.00     0.00
     1010  -17.522      -24.930       2.2969         0.00     0.00     0.00
     1011  -17.390      -23.880       4.5928         0.00     0.00     0.00
     1012  -16.976      -22.690       6.8494         0.00     0.00     0.00
     1013  -16.289      -21.387       8.9963         0.00     0.00     0.00
     1014  -15.376      -20.032       10.935         0.00     0.00     0.00
     1015  -14.363      -18.745       12.535         0.00     0.00     0.00
     1016  -14.628      -2.7180       11.665         0.00     0.00     0.00
     1017  -15.862      -2.8607       9.9597         0.00     0.00     0.00
     1018  -16.903      -3.0351       8.1215         0.00     0.00     0.00
     1019  -17.732      -3.2094       6.1754         0.00     0.00     0.00
     1020  -18.333      -3.3749       4.1531         0.00     0.00     0.00
     1021  -18.702      -3.5323       2.0862         0.00     0.00     0.00
     1022  -14.883      -5.4740       11.875         0.00     0.00     0.00
     1023  -16.147      -5.7602       10.143         0.00     0.00     0.00
     1024  -17.220      -6.1100       8.2683         0.00     0.00     0.00
     1025  -18.075      -6.4594       6.2786         0.00     0.00     0.00
     1026  -18.693      -6.7903       4.2142         0.00     0.00     0.00

    NODE        X            Y            Z          THXY     THYZ     THZX
     1027  -19.071      -7.1021       2.1130         0.00     0.00     0.00
     1028  -15.055      -8.2517       12.030         0.00     0.00     0.00
     1029  -16.331      -8.6815       10.281         0.00     0.00     0.00
     1030  -17.417      -9.2066       8.3786         0.00     0.00     0.00
     1031  -18.279      -9.7307       6.3545         0.00     0.00     0.00
     1032  -18.899      -10.226       4.2574         0.00     0.00     0.00
     1033  -19.271      -10.691       2.1311         0.00     0.00     0.00
     1034  -15.139      -11.039       12.130         0.00     0.00     0.00
     1035  -16.405      -11.612       10.376         0.00     0.00     0.00
     1036  -17.482      -12.312       8.4554         0.00     0.00     0.00
     1037  -18.333      -13.011       6.4068         0.00     0.00     0.00
     1038  -18.935      -13.671       4.2859         0.00     0.00     0.00
     1039  -19.282      -14.287       2.1423         0.00     0.00     0.00
     1040  -15.106      -13.812       12.191         0.00     0.00     0.00
     1041  -16.341      -14.532       10.445         0.00     0.00     0.00
     1042  -17.385      -15.410       8.5167         0.00     0.00     0.00
     1043  -18.199      -16.286       6.4508         0.00     0.00     0.00
     1044  -18.755      -17.112       4.3105         0.00     0.00     0.00
     1045  -19.047      -17.878       2.1519         0.00     0.00     0.00
     1046  -14.895      -16.445       12.268         0.00     0.00     0.00

    NODE        X            Y            Z          THXY     THYZ     THZX
     1047  -16.044      -17.379       10.581         0.00     0.00     0.00
     1048  -17.032      -18.458       8.6450         0.00     0.00     0.00
     1049  -17.781      -19.528       6.5537         0.00     0.00     0.00
     1050  -18.262      -20.526       4.3791         0.00     0.00     0.00
     1051  -18.469      -21.435       2.1851         0.00     0.00     0.00
     1052  -2.1816      -21.435       18.469         0.00     0.00     0.00
     1053  -2.1515      -17.877       19.047         0.00     0.00     0.00
     1054  -2.1423      -14.287       19.282         0.00     0.00     0.00
     1055  -2.1311      -10.691       19.271         0.00     0.00     0.00
     1056  -2.1130      -7.1021       19.071         0.00     0.00     0.00
     1057  -2.0862      -3.5323       18.702         0.00     0.00     0.00
     1058  -4.3740      -20.526       18.263         0.00     0.00     0.00
     1059  -4.3099      -17.112       18.755         0.00     0.00     0.00
     1060  -4.2859      -13.671       18.935         0.00     0.00     0.00
     1061  -4.2574      -10.226       18.899         0.00     0.00     0.00
     1062  -4.2142      -6.7903       18.693         0.00     0.00     0.00
     1063  -4.1531      -3.3749       18.333         0.00     0.00     0.00
     1064  -6.5489      -19.528       17.783         0.00     0.00     0.00
     1065  -6.4503      -16.286       18.199         0.00     0.00     0.00
     1066  -6.4068      -13.011       18.333         0.00     0.00     0.00

    NODE        X            Y            Z          THXY     THYZ     THZX
     1067  -6.3545      -9.7307       18.279         0.00     0.00     0.00
     1068  -6.2786      -6.4594       18.075         0.00     0.00     0.00
     1069  -6.1754      -3.2094       17.732         0.00     0.00     0.00
     1070  -8.6416      -18.458       17.034         0.00     0.00     0.00
     1071  -8.5163      -15.410       17.385         0.00     0.00     0.00
     1072  -8.4554      -12.312       17.482         0.00     0.00     0.00
     1073  -8.3786      -9.2066       17.417         0.00     0.00     0.00
     1074  -8.2683      -6.1100       17.220         0.00     0.00     0.00
     1075  -8.1215      -3.0351       16.903         0.00     0.00     0.00
     1076  -10.579      -17.379       16.045         0.00     0.00     0.00
     1077  -10.444      -14.532       16.341         0.00     0.00     0.00
     1078  -10.376      -11.612       16.405         0.00     0.00     0.00
     1079  -10.281      -8.6815       16.331         0.00     0.00     0.00
     1080  -10.143      -5.7602       16.147         0.00     0.00     0.00
     1081  -9.9597      -2.8607       15.862         0.00     0.00     0.00
     1082  -12.267      -16.445       14.896         0.00     0.00     0.00
     1083  -12.191      -13.812       15.106         0.00     0.00     0.00
     1084  -12.130      -11.039       15.139         0.00     0.00     0.00
     1085  -12.030      -8.2517       15.055         0.00     0.00     0.00
     1086  -11.875      -5.4740       14.883         0.00     0.00     0.00

    NODE        X            Y            Z          THXY     THYZ     THZX
     1087  -11.665      -2.7180       14.628         0.00     0.00     0.00
     1088  -16.258      -28.359       2.5291         0.00     0.00     0.00
     1089  -14.687      -31.714       2.8558         0.00     0.00     0.00
     1090  -12.754      -34.945       3.2238         0.00     0.00     0.00
     1091  -10.365      -37.916       3.5455         0.00     0.00     0.00
     1092  -7.3528      -40.336       3.8024         0.00     0.00     0.00
     1093  -3.8081      -41.841       3.8534         0.00     0.00     0.00
     1094  -16.147      -27.165       5.0237         0.00     0.00     0.00
     1095  -14.544      -30.380       5.6267         0.00     0.00     0.00
     1096  -12.554      -33.476       6.2695         0.00     0.00     0.00
     1097  -10.101      -36.329       6.8723         0.00     0.00     0.00
     1098  -7.1470      -38.714       7.2884         0.00     0.00     0.00
     1099  -3.6837      -40.320       7.4399         0.00     0.00     0.00
     1100  -15.744      -25.749       7.4257         0.00     0.00     0.00
     1101  -14.096      -28.707       8.2109         0.00     0.00     0.00
     1102  -12.037      -31.536       9.0331         0.00     0.00     0.00
     1103  -9.5660      -34.133       9.7416         0.00     0.00     0.00
     1104  -6.6648      -36.313       10.254         0.00     0.00     0.00
     1105  -3.4274      -37.893       10.426         0.00     0.00     0.00
     1106  -15.075      -24.156       9.6637         0.00     0.00     0.00

    NODE        X            Y            Z          THXY     THYZ     THZX
     1107  -13.400      -26.778       10.544         0.00     0.00     0.00
     1108  -11.316      -29.259       11.431         0.00     0.00     0.00
     1109  -8.8657      -31.529       12.165         0.00     0.00     0.00
     1110  -6.1014      -33.458       12.647         0.00     0.00     0.00
     1111  -3.1039      -34.923       12.798         0.00     0.00     0.00
     1112  -14.199      -22.435       11.654         0.00     0.00     0.00
     1113  -12.529      -24.680       12.573         0.00     0.00     0.00
     1114  -10.465      -26.776       13.462         0.00     0.00     0.00
     1115  -8.0997      -28.701       14.163         0.00     0.00     0.00
     1116  -5.5085      -30.368       14.595         0.00     0.00     0.00
     1117  -2.7807      -31.702       14.707         0.00     0.00     0.00
     1118  -13.259      -20.642       13.269         0.00     0.00     0.00
     1119  -11.631      -22.434       14.218         0.00     0.00     0.00
     1120  -9.6233      -24.155       15.102         0.00     0.00     0.00
     1121  -7.3697      -25.746       15.771         0.00     0.00     0.00
     1122  -4.9647      -27.160       16.167         0.00     0.00     0.00
     1123  -2.4900      -28.354       16.266         0.00     0.00     0.00
     1432   2.0465       0.0000       18.163         0.00     0.00     0.00
     1433   4.0672       0.0000       17.820         0.00     0.00     0.00
     1434   6.0368       0.0000       17.252         0.00     0.00     0.00

    NODE        X            Y            Z          THXY     THYZ     THZX
     1435   7.9305       0.0000       16.468         0.00     0.00     0.00
     1436   9.7245       0.0000       15.476         0.00     0.00     0.00
     1437   11.396       0.0000       14.290         0.00     0.00     0.00
     1438   12.924       0.0000       12.924         0.00     0.00     0.00
     1439   14.290       0.0000       11.396         0.00     0.00     0.00
     1440   15.476       0.0000       9.7245         0.00     0.00     0.00
     1441   16.468       0.0000       7.9305         0.00     0.00     0.00
     1442   17.252       0.0000       6.0368         0.00     0.00     0.00
     1443   17.820       0.0000       4.0672         0.00     0.00     0.00
     1444   18.163       0.0000       2.0465         0.00     0.00     0.00
     1445   13.558      -17.812       13.560         0.00     0.00     0.00
     1446   13.224      -2.6607       13.224         0.00     0.00     0.00
     1447   13.455      -5.3590       13.455         0.00     0.00     0.00
     1448   13.619      -8.0790       13.619         0.00     0.00     0.00
     1449   13.712      -10.809       13.712         0.00     0.00     0.00
     1450   13.729      -13.500       13.729         0.00     0.00     0.00
     1451   13.666      -15.997       13.666         0.00     0.00     0.00
     1452   17.522      -24.930       2.2969         0.00     0.00     0.00
     1453   17.390      -23.880       4.5928         0.00     0.00     0.00
     1454   16.976      -22.690       6.8494         0.00     0.00     0.00

    NODE        X            Y            Z          THXY     THYZ     THZX
     1455   16.289      -21.387       8.9963         0.00     0.00     0.00
     1456   15.376      -20.032       10.935         0.00     0.00     0.00
     1457   14.363      -18.745       12.535         0.00     0.00     0.00
     1458   2.2825      -24.929       17.524         0.00     0.00     0.00
     1459   4.5713      -23.879       17.396         0.00     0.00     0.00
     1460   6.8290      -22.689       16.985         0.00     0.00     0.00
     1461   8.9816      -21.387       16.297         0.00     0.00     0.00
     1462   10.927      -20.032       15.382         0.00     0.00     0.00
     1463   12.531      -18.745       14.366         0.00     0.00     0.00
     1464   11.665      -2.7180       14.628         0.00     0.00     0.00
     1465   9.9597      -2.8607       15.862         0.00     0.00     0.00
     1466   8.1215      -3.0351       16.903         0.00     0.00     0.00
     1467   6.1754      -3.2094       17.732         0.00     0.00     0.00
     1468   4.1531      -3.3749       18.333         0.00     0.00     0.00
     1469   2.0862      -3.5323       18.702         0.00     0.00     0.00
     1470   11.875      -5.4740       14.883         0.00     0.00     0.00
     1471   10.143      -5.7602       16.147         0.00     0.00     0.00
     1472   8.2683      -6.1100       17.220         0.00     0.00     0.00
     1473   6.2786      -6.4594       18.075         0.00     0.00     0.00
     1474   4.2142      -6.7903       18.693         0.00     0.00     0.00

    NODE        X            Y            Z          THXY     THYZ     THZX
     1475   2.1130      -7.1021       19.071         0.00     0.00     0.00
     1476   12.030      -8.2517       15.055         0.00     0.00     0.00
     1477   10.281      -8.6815       16.331         0.00     0.00     0.00
     1478   8.3786      -9.2066       17.417         0.00     0.00     0.00
     1479   6.3545      -9.7307       18.279         0.00     0.00     0.00
     1480   4.2574      -10.226       18.899         0.00     0.00     0.00
     1481   2.1311      -10.691       19.271         0.00     0.00     0.00
     1482   12.130      -11.039       15.139         0.00     0.00     0.00
     1483   10.376      -11.612       16.405         0.00     0.00     0.00
     1484   8.4554      -12.312       17.482         0.00     0.00     0.00
     1485   6.4068      -13.011       18.333         0.00     0.00     0.00
     1486   4.2859      -13.671       18.935         0.00     0.00     0.00
     1487   2.1423      -14.287       19.282         0.00     0.00     0.00
     1488   12.191      -13.812       15.106         0.00     0.00     0.00
     1489   10.444      -14.532       16.341         0.00     0.00     0.00
     1490   8.5163      -15.410       17.385         0.00     0.00     0.00
     1491   6.4503      -16.286       18.199         0.00     0.00     0.00
     1492   4.3099      -17.112       18.755         0.00     0.00     0.00
     1493   2.1515      -17.877       19.047         0.00     0.00     0.00
     1494   12.267      -16.445       14.896         0.00     0.00     0.00

    NODE        X            Y            Z          THXY     THYZ     THZX
     1495   10.579      -17.379       16.045         0.00     0.00     0.00
     1496   8.6416      -18.458       17.034         0.00     0.00     0.00
     1497   6.5489      -19.528       17.783         0.00     0.00     0.00
     1498   4.3740      -20.526       18.263         0.00     0.00     0.00
     1499   2.1816      -21.435       18.469         0.00     0.00     0.00
     1500   18.469      -21.435       2.1851         0.00     0.00     0.00
     1501   19.047      -17.878       2.1519         0.00     0.00     0.00
     1502   19.282      -14.287       2.1423         0.00     0.00     0.00
     1503   19.271      -10.691       2.1311         0.00     0.00     0.00
     1504   19.071      -7.1021       2.1130         0.00     0.00     0.00
     1505   18.702      -3.5323       2.0862         0.00     0.00     0.00
     1506   18.262      -20.526       4.3791         0.00     0.00     0.00
     1507   18.755      -17.112       4.3105         0.00     0.00     0.00
     1508   18.935      -13.671       4.2859         0.00     0.00     0.00
     1509   18.899      -10.226       4.2574         0.00     0.00     0.00
     1510   18.693      -6.7903       4.2142         0.00     0.00     0.00
     1511   18.333      -3.3749       4.1531         0.00     0.00     0.00
     1512   17.781      -19.528       6.5537         0.00     0.00     0.00
     1513   18.199      -16.286       6.4508         0.00     0.00     0.00
     1514   18.333      -13.011       6.4068         0.00     0.00     0.00

    NODE        X            Y            Z          THXY     THYZ     THZX
     1515   18.279      -9.7307       6.3545         0.00     0.00     0.00
     1516   18.075      -6.4594       6.2786         0.00     0.00     0.00
     1517   17.732      -3.2094       6.1754         0.00     0.00     0.00
     1518   17.032      -18.458       8.6450         0.00     0.00     0.00
     1519   17.385      -15.410       8.5167         0.00     0.00     0.00
     1520   17.482      -12.312       8.4554         0.00     0.00     0.00
     1521   17.417      -9.2066       8.3786         0.00     0.00     0.00
     1522   17.220      -6.1100       8.2683         0.00     0.00     0.00
     1523   16.903      -3.0351       8.1215         0.00     0.00     0.00
     1524   16.044      -17.379       10.581         0.00     0.00     0.00
     1525   16.341      -14.532       10.445         0.00     0.00     0.00
     1526   16.405      -11.612       10.376         0.00     0.00     0.00
     1527   16.331      -8.6815       10.281         0.00     0.00     0.00
     1528   16.147      -5.7602       10.143         0.00     0.00     0.00
     1529   15.862      -2.8607       9.9597         0.00     0.00     0.00
     1530   14.895      -16.445       12.268         0.00     0.00     0.00
     1531   15.106      -13.812       12.191         0.00     0.00     0.00
     1532   15.139      -11.039       12.130         0.00     0.00     0.00
     1533   15.055      -8.2517       12.030         0.00     0.00     0.00
     1534   14.883      -5.4740       11.875         0.00     0.00     0.00

    NODE        X            Y            Z          THXY     THYZ     THZX
     1535   14.628      -2.7180       11.665         0.00     0.00     0.00
     1536   2.4900      -28.354       16.266         0.00     0.00     0.00
     1537   2.7807      -31.702       14.707         0.00     0.00     0.00
     1538   3.1039      -34.923       12.798         0.00     0.00     0.00
     1539   3.4274      -37.893       10.426         0.00     0.00     0.00
     1540   3.6837      -40.320       7.4399         0.00     0.00     0.00
     1541   3.8081      -41.841       3.8534         0.00     0.00     0.00
     1542   4.9647      -27.160       16.167         0.00     0.00     0.00
     1543   5.5085      -30.368       14.595         0.00     0.00     0.00
     1544   6.1014      -33.458       12.647         0.00     0.00     0.00
     1545   6.6648      -36.313       10.254         0.00     0.00     0.00
     1546   7.1470      -38.714       7.2884         0.00     0.00     0.00
     1547   7.3528      -40.336       3.8024         0.00     0.00     0.00
     1548   7.3697      -25.746       15.771         0.00     0.00     0.00
     1549   8.0997      -28.701       14.163         0.00     0.00     0.00
     1550   8.8657      -31.529       12.165         0.00     0.00     0.00
     1551   9.5660      -34.133       9.7416         0.00     0.00     0.00
     1552   10.101      -36.329       6.8723         0.00     0.00     0.00
     1553   10.365      -37.916       3.5455         0.00     0.00     0.00
     1554   9.6233      -24.155       15.102         0.00     0.00     0.00

    NODE        X            Y            Z          THXY     THYZ     THZX
     1555   10.465      -26.776       13.462         0.00     0.00     0.00
     1556   11.316      -29.259       11.431         0.00     0.00     0.00
     1557   12.037      -31.536       9.0331         0.00     0.00     0.00
     1558   12.554      -33.476       6.2695         0.00     0.00     0.00
     1559   12.754      -34.945       3.2238         0.00     0.00     0.00
     1560   11.631      -22.434       14.218         0.00     0.00     0.00
     1561   12.529      -24.680       12.573         0.00     0.00     0.00
     1562   13.400      -26.778       10.544         0.00     0.00     0.00
     1563   14.096      -28.707       8.2109         0.00     0.00     0.00
     1564   14.544      -30.380       5.6267         0.00     0.00     0.00
     1565   14.687      -31.714       2.8558         0.00     0.00     0.00
     1566   13.259      -20.642       13.269         0.00     0.00     0.00
     1567   14.199      -22.435       11.654         0.00     0.00     0.00
     1568   15.075      -24.156       9.6637         0.00     0.00     0.00
     1569   15.744      -25.749       7.4257         0.00     0.00     0.00
     1570   16.147      -27.165       5.0237         0.00     0.00     0.00
     1571   16.258      -28.359       2.5291         0.00     0.00     0.00

