
 LIST ALL SELECTED ELEMENTS.  (LIST NODES)
 
    ELEM MAT TYP REL ESY SEC        NODES
 
     677   1   1   1   0   1     41    92   547    42  1290  1368  1872  1293
     678   1   1   1   0   1     92    93   546   547  1368  1371  1908  1872
     679   1   1   1   0   1     93    94   545   546  1371  1374  1944  1908
     680   1   1   1   0   1     94    95   544   545  1374  1377  1980  1944
     681   1   1   1   0   1     95    96   543   544  1377  1380  2016  1980
     682   1   1   1   0   1     96    97   542   543  1380  1383  2052  2016
     683   1   1   1   0   1     97    98   541   542  1383  1386  2088  2052
     684   1   1   1   0   1     98    99   540   541  1386  1389  2124  2088
     685   1   1   1   0   1     99   100   539   540  1389  1392  2160  2124
     686   1   1   1   0   1    100   101   538   539  1392  1395  2196  2160
     687   1   1   1   0   1    101   102   537   538  1395  1398  2232  2196
     688   1   1   1   0   1    102   103   536   537  1398  1401  2268  2232
     689   1   1   1   0   1    103    79   115   536  1401  1329  1365  2268
     690   1   1   1   0   1     42   547   535    43  1293  1872  1875  1296
     691   1   1   1   0   1    547   546   534   535  1872  1908  1911  1875
     692   1   1   1   0   1    546   545   533   534  1908  1944  1947  1911
     693   1   1   1   0   1    545   544   532   533  1944  1980  1983  1947
     694   1   1   1   0   1    544   543   531   532  1980  2016  2019  1983
     695   1   1   1   0   1    543   542   530   531  2016  2052  2055  2019
     696   1   1   1   0   1    542   541   529   530  2052  2088  2091  2055
 
    ELEM MAT TYP REL ESY SEC        NODES
 
     697   1   1   1   0   1    541   540   528   529  2088  2124  2127  2091
     698   1   1   1   0   1    540   539   527   528  2124  2160  2163  2127
     699   1   1   1   0   1    539   538   526   527  2160  2196  2199  2163
     700   1   1   1   0   1    538   537   525   526  2196  2232  2235  2199
     701   1   1   1   0   1    537   536   524   525  2232  2268  2271  2235
     703   1   1   1   0   1     43   535   523    44  1296  1875  1878  1299
     704   1   1   1   0   1    535   534   522   523  1875  1911  1914  1878
     705   1   1   1   0   1    534   533   521   522  1911  1947  1950  1914
     706   1   1   1   0   1    533   532   520   521  1947  1983  1986  1950
     707   1   1   1   0   1    532   531   519   520  1983  2019  2022  1986
     708   1   1   1   0   1    531   530   518   519  2019  2055  2058  2022
     709   1   1   1   0   1    530   529   517   518  2055  2091  2094  2058
     710   1   1   1   0   1    529   528   516   517  2091  2127  2130  2094
     711   1   1   1   0   1    528   527   515   516  2127  2163  2166  2130
     712   1   1   1   0   1    527   526   514   515  2163  2199  2202  2166
     713   1   1   1   0   1    526   525   513   514  2199  2235  2238  2202
     714   1   1   1   0   1    525   524   512   513  2235  2271  2274  2238
     716   1   1   1   0   1     44   523   511    45  1299  1878  1881  1302
     717   1   1   1   0   1    523   522   510   511  1878  1914  1917  1881
     718   1   1   1   0   1    522   521   509   510  1914  1950  1953  1917
 
    ELEM MAT TYP REL ESY SEC        NODES
 
     719   1   1   1   0   1    521   520   508   509  1950  1986  1989  1953
     720   1   1   1   0   1    520   519   507   508  1986  2022  2025  1989
     721   1   1   1   0   1    519   518   506   507  2022  2058  2061  2025
     722   1   1   1   0   1    518   517   505   506  2058  2094  2097  2061
     723   1   1   1   0   1    517   516   504   505  2094  2130  2133  2097
     724   1   1   1   0   1    516   515   503   504  2130  2166  2169  2133
     725   1   1   1   0   1    515   514   502   503  2166  2202  2205  2169
     726   1   1   1   0   1    514   513   501   502  2202  2238  2241  2205
     729   1   1   1   0   1     45   511   499    46  1302  1881  1884  1305
     730   1   1   1   0   1    511   510   498   499  1881  1917  1920  1884
     731   1   1   1   0   1    510   509   497   498  1917  1953  1956  1920
     732   1   1   1   0   1    509   508   496   497  1953  1989  1992  1956
     733   1   1   1   0   1    508   507   495   496  1989  2025  2028  1992
     734   1   1   1   0   1    507   506   494   495  2025  2061  2064  2028
     735   1   1   1   0   1    506   505   493   494  2061  2097  2100  2064
     736   1   1   1   0   1    505   504   492   493  2097  2133  2136  2100
     737   1   1   1   0   1    504   503   491   492  2133  2169  2172  2136
     738   1   1   1   0   1    503   502   490   491  2169  2205  2208  2172
     742   1   1   1   0   1     46   499   487    47  1305  1884  1887  1308
     743   1   1   1   0   1    499   498   486   487  1884  1920  1923  1887
 
    ELEM MAT TYP REL ESY SEC        NODES
 
     744   1   1   1   0   1    498   497   485   486  1920  1956  1959  1923
     745   1   1   1   0   1    497   496   484   485  1956  1992  1995  1959
     746   1   1   1   0   1    496   495   483   484  1992  2028  2031  1995
     747   1   1   1   0   1    495   494   482   483  2028  2064  2067  2031
     748   1   1   1   0   1    494   493   481   482  2064  2100  2103  2067
     749   1   1   1   0   1    493   492   480   481  2100  2136  2139  2103
     750   1   1   1   0   1    492   491   479   480  2136  2172  2175  2139
     846   1   1   1   0   1   1290  1368  1872  1293  1291  1369  1873  1294
     847   1   1   1   0   1   1368  1371  1908  1872  1369  1372  1909  1873
     848   1   1   1   0   1   1371  1374  1944  1908  1372  1375  1945  1909
     849   1   1   1   0   1   1374  1377  1980  1944  1375  1378  1981  1945
     850   1   1   1   0   1   1377  1380  2016  1980  1378  1381  2017  1981
     851   1   1   1   0   1   1380  1383  2052  2016  1381  1384  2053  2017
     852   1   1   1   0   1   1383  1386  2088  2052  1384  1387  2089  2053
     853   1   1   1   0   1   1386  1389  2124  2088  1387  1390  2125  2089
     854   1   1   1   0   1   1389  1392  2160  2124  1390  1393  2161  2125
     855   1   1   1   0   1   1392  1395  2196  2160  1393  1396  2197  2161
     856   1   1   1   0   1   1395  1398  2232  2196  1396  1399  2233  2197
     859   1   1   1   0   1   1293  1872  1875  1296  1294  1873  1876  1297
     860   1   1   1   0   1   1872  1908  1911  1875  1873  1909  1912  1876
 
    ELEM MAT TYP REL ESY SEC        NODES
 
     861   1   1   1   0   1   1908  1944  1947  1911  1909  1945  1948  1912
     862   1   1   1   0   1   1944  1980  1983  1947  1945  1981  1984  1948
     863   1   1   1   0   1   1980  2016  2019  1983  1981  2017  2020  1984
     864   1   1   1   0   1   2016  2052  2055  2019  2017  2053  2056  2020
     865   1   1   1   0   1   2052  2088  2091  2055  2053  2089  2092  2056
     866   1   1   1   0   1   2088  2124  2127  2091  2089  2125  2128  2092
     867   1   1   1   0   1   2124  2160  2163  2127  2125  2161  2164  2128
     868   1   1   1   0   1   2160  2196  2199  2163  2161  2197  2200  2164
     869   1   1   1   0   1   2196  2232  2235  2199  2197  2233  2236  2200
     872   1   1   1   0   1   1296  1875  1878  1299  1297  1876  1879  1300
     873   1   1   1   0   1   1875  1911  1914  1878  1876  1912  1915  1879
     874   1   1   1   0   1   1911  1947  1950  1914  1912  1948  1951  1915
     875   1   1   1   0   1   1947  1983  1986  1950  1948  1984  1987  1951
     876   1   1   1   0   1   1983  2019  2022  1986  1984  2020  2023  1987
     877   1   1   1   0   1   2019  2055  2058  2022  2020  2056  2059  2023
     878   1   1   1   0   1   2055  2091  2094  2058  2056  2092  2095  2059
     879   1   1   1   0   1   2091  2127  2130  2094  2092  2128  2131  2095
     880   1   1   1   0   1   2127  2163  2166  2130  2128  2164  2167  2131
     881   1   1   1   0   1   2163  2199  2202  2166  2164  2200  2203  2167
     885   1   1   1   0   1   1299  1878  1881  1302  1300  1879  1882  1303
 
    ELEM MAT TYP REL ESY SEC        NODES
 
     886   1   1   1   0   1   1878  1914  1917  1881  1879  1915  1918  1882
     887   1   1   1   0   1   1914  1950  1953  1917  1915  1951  1954  1918
     888   1   1   1   0   1   1950  1986  1989  1953  1951  1987  1990  1954
     889   1   1   1   0   1   1986  2022  2025  1989  1987  2023  2026  1990
     890   1   1   1   0   1   2022  2058  2061  2025  2023  2059  2062  2026
     891   1   1   1   0   1   2058  2094  2097  2061  2059  2095  2098  2062
     892   1   1   1   0   1   2094  2130  2133  2097  2095  2131  2134  2098
     893   1   1   1   0   1   2130  2166  2169  2133  2131  2167  2170  2134
     898   1   1   1   0   1   1302  1881  1884  1305  1303  1882  1885  1306
     899   1   1   1   0   1   1881  1917  1920  1884  1882  1918  1921  1885
     900   1   1   1   0   1   1917  1953  1956  1920  1918  1954  1957  1921
     901   1   1   1   0   1   1953  1989  1992  1956  1954  1990  1993  1957
     902   1   1   1   0   1   1989  2025  2028  1992  1990  2026  2029  1993
     903   1   1   1   0   1   2025  2061  2064  2028  2026  2062  2065  2029
     904   1   1   1   0   1   2061  2097  2100  2064  2062  2098  2101  2065
     905   1   1   1   0   1   2097  2133  2136  2100  2098  2134  2137  2101
    1015   1   1   1   0   1   1291  1369  1873  1294  1292  1370  1874  1295
    1016   1   1   1   0   1   1369  1372  1909  1873  1370  1373  1910  1874
    1017   1   1   1   0   1   1372  1375  1945  1909  1373  1376  1946  1910
    1018   1   1   1   0   1   1375  1378  1981  1945  1376  1379  1982  1946
 
    ELEM MAT TYP REL ESY SEC        NODES
 
    1019   1   1   1   0   1   1378  1381  2017  1981  1379  1382  2018  1982
    1020   1   1   1   0   1   1381  1384  2053  2017  1382  1385  2054  2018
    1021   1   1   1   0   1   1384  1387  2089  2053  1385  1388  2090  2054
    1022   1   1   1   0   1   1387  1390  2125  2089  1388  1391  2126  2090
    1023   1   1   1   0   1   1390  1393  2161  2125  1391  1394  2162  2126
    1024   1   1   1   0   1   1393  1396  2197  2161  1394  1397  2198  2162
    1028   1   1   1   0   1   1294  1873  1876  1297  1295  1874  1877  1298
    1029   1   1   1   0   1   1873  1909  1912  1876  1874  1910  1913  1877
    1030   1   1   1   0   1   1909  1945  1948  1912  1910  1946  1949  1913
    1031   1   1   1   0   1   1945  1981  1984  1948  1946  1982  1985  1949
    1032   1   1   1   0   1   1981  2017  2020  1984  1982  2018  2021  1985
    1033   1   1   1   0   1   2017  2053  2056  2020  2018  2054  2057  2021
    1034   1   1   1   0   1   2053  2089  2092  2056  2054  2090  2093  2057
    1035   1   1   1   0   1   2089  2125  2128  2092  2090  2126  2129  2093
    1036   1   1   1   0   1   2125  2161  2164  2128  2126  2162  2165  2129
    1041   1   1   1   0   1   1297  1876  1879  1300  1298  1877  1880  1301
    1042   1   1   1   0   1   1876  1912  1915  1879  1877  1913  1916  1880
    1043   1   1   1   0   1   1912  1948  1951  1915  1913  1949  1952  1916
    1044   1   1   1   0   1   1948  1984  1987  1951  1949  1985  1988  1952
    1045   1   1   1   0   1   1984  2020  2023  1987  1985  2021  2024  1988
 
    ELEM MAT TYP REL ESY SEC        NODES
 
    1046   1   1   1   0   1   2020  2056  2059  2023  2021  2057  2060  2024
    1047   1   1   1   0   1   2056  2092  2095  2059  2057  2093  2096  2060
    1048   1   1   1   0   1   2092  2128  2131  2095  2093  2129  2132  2096
    1054   1   1   1   0   1   1300  1879  1882  1303  1301  1880  1883  1304
    1055   1   1   1   0   1   1879  1915  1918  1882  1880  1916  1919  1883
    1056   1   1   1   0   1   1915  1951  1954  1918  1916  1952  1955  1919
    1057   1   1   1   0   1   1951  1987  1990  1954  1952  1988  1991  1955
    1058   1   1   1   0   1   1987  2023  2026  1990  1988  2024  2027  1991
    1059   1   1   1   0   1   2023  2059  2062  2026  2024  2060  2063  2027
    1060   1   1   1   0   1   2059  2095  2098  2062  2060  2096  2099  2063
    1184   1   1   1   0   1   1292  1370  1874  1295   562   627   663   563
    1185   1   1   1   0   1   1370  1373  1910  1874   627   628   675   663
    1186   1   1   1   0   1   1373  1376  1946  1910   628   629   687   675
    1187   1   1   1   0   1   1376  1379  1982  1946   629   630   699   687
    1188   1   1   1   0   1   1379  1382  2018  1982   630   631   711   699
    1189   1   1   1   0   1   1382  1385  2054  2018   631   632   723   711
    1190   1   1   1   0   1   1385  1388  2090  2054   632   633   735   723
    1191   1   1   1   0   1   1388  1391  2126  2090   633   634   747   735
    1192   1   1   1   0   1   1391  1394  2162  2126   634   635   759   747
    1197   1   1   1   0   1   1295  1874  1877  1298   563   663   664   564
 
    ELEM MAT TYP REL ESY SEC        NODES
 
    1198   1   1   1   0   1   1874  1910  1913  1877   663   675   676   664
    1199   1   1   1   0   1   1910  1946  1949  1913   675   687   688   676
    1200   1   1   1   0   1   1946  1982  1985  1949   687   699   700   688
    1201   1   1   1   0   1   1982  2018  2021  1985   699   711   712   700
    1202   1   1   1   0   1   2018  2054  2057  2021   711   723   724   712
    1203   1   1   1   0   1   2054  2090  2093  2057   723   735   736   724
    1204   1   1   1   0   1   2090  2126  2129  2093   735   747   748   736
    1210   1   1   1   0   1   1298  1877  1880  1301   564   664   665   565
    1211   1   1   1   0   1   1877  1913  1916  1880   664   676   677   665
    1212   1   1   1   0   1   1913  1949  1952  1916   676   688   689   677
    1213   1   1   1   0   1   1949  1985  1988  1952   688   700   701   689
    1214   1   1   1   0   1   1985  2021  2024  1988   700   712   713   701
    1215   1   1   1   0   1   2021  2057  2060  2024   712   724   725   713
    1377   1   1   1   0   1    393   392   380   381  2664  2700  2703  2667
    1378   1   1   1   0   1    392   103   102   380  2700  1401  1398  2703
    1388   1   1   1   0   1    383   382   370   371  2595  2631  2634  2598
    1389   1   1   1   0   1    382   381   369   370  2631  2667  2670  2634
    1390   1   1   1   0   1    381   380   368   369  2667  2703  2706  2670
    1391   1   1   1   0   1    380   102   101   368  2703  1398  1395  2706
    1400   1   1   1   0   1    372   371   359   360  2562  2598  2601  2565
 
    ELEM MAT TYP REL ESY SEC        NODES
 
    1401   1   1   1   0   1    371   370   358   359  2598  2634  2637  2601
    1402   1   1   1   0   1    370   369   357   358  2634  2670  2673  2637
    1403   1   1   1   0   1    369   368   356   357  2670  2706  2709  2673
    1404   1   1   1   0   1    368   101   100   356  2706  1395  1392  2709
    1412   1   1   1   0   1    361   360   348   349  2529  2565  2568  2532
    1413   1   1   1   0   1    360   359   347   348  2565  2601  2604  2568
    1414   1   1   1   0   1    359   358   346   347  2601  2637  2640  2604
    1415   1   1   1   0   1    358   357   345   346  2637  2673  2676  2640
    1416   1   1   1   0   1    357   356   344   345  2673  2709  2712  2676
    1417   1   1   1   0   1    356   100    99   344  2709  1392  1389  2712
    1424   1   1   1   0   1    350   349   337   338  2496  2532  2535  2499
    1425   1   1   1   0   1    349   348   336   337  2532  2568  2571  2535
    1426   1   1   1   0   1    348   347   335   336  2568  2604  2607  2571
    1427   1   1   1   0   1    347   346   334   335  2604  2640  2643  2607
    1428   1   1   1   0   1    346   345   333   334  2640  2676  2679  2643
    1429   1   1   1   0   1    345   344   332   333  2676  2712  2715  2679
    1430   1   1   1   0   1    344    99    98   332  2712  1389  1386  2715
    1437   1   1   1   0   1    338   337   325   326  2499  2535  2538  2502
    1438   1   1   1   0   1    337   336   324   325  2535  2571  2574  2538
    1439   1   1   1   0   1    336   335   323   324  2571  2607  2610  2574
 
    ELEM MAT TYP REL ESY SEC        NODES
 
    1440   1   1   1   0   1    335   334   322   323  2607  2643  2646  2610
    1441   1   1   1   0   1    334   333   321   322  2643  2679  2682  2646
    1442   1   1   1   0   1    333   332   320   321  2679  2715  2718  2682
    1443   1   1   1   0   1    332    98    97   320  2715  1386  1383  2718
    1449   1   1   1   0   1    327   326   314   315  2466  2502  2505  2469
    1450   1   1   1   0   1    326   325   313   314  2502  2538  2541  2505
    1451   1   1   1   0   1    325   324   312   313  2538  2574  2577  2541
    1452   1   1   1   0   1    324   323   311   312  2574  2610  2613  2577
    1453   1   1   1   0   1    323   322   310   311  2610  2646  2649  2613
    1454   1   1   1   0   1    322   321   309   310  2646  2682  2685  2649
    1455   1   1   1   0   1    321   320   308   309  2682  2718  2721  2685
    1456   1   1   1   0   1    320    97    96   308  2718  1383  1380  2721
    1462   1   1   1   0   1    315   314   302   303  2469  2505  2508  2472
    1463   1   1   1   0   1    314   313   301   302  2505  2541  2544  2508
    1464   1   1   1   0   1    313   312   300   301  2541  2577  2580  2544
    1465   1   1   1   0   1    312   311   299   300  2577  2613  2616  2580
    1466   1   1   1   0   1    311   310   298   299  2613  2649  2652  2616
    1467   1   1   1   0   1    310   309   297   298  2649  2685  2688  2652
    1468   1   1   1   0   1    309   308   296   297  2685  2721  2724  2688
    1469   1   1   1   0   1    308    96    95   296  2721  1380  1377  2724
 
    ELEM MAT TYP REL ESY SEC        NODES
 
    1474   1   1   1   0   1    304   303   291   292  2436  2472  2475  2439
    1475   1   1   1   0   1    303   302   290   291  2472  2508  2511  2475
    1476   1   1   1   0   1    302   301   289   290  2508  2544  2547  2511
    1477   1   1   1   0   1    301   300   288   289  2544  2580  2583  2547
    1478   1   1   1   0   1    300   299   287   288  2580  2616  2619  2583
    1479   1   1   1   0   1    299   298   286   287  2616  2652  2655  2619
    1480   1   1   1   0   1    298   297   285   286  2652  2688  2691  2655
    1481   1   1   1   0   1    297   296   284   285  2688  2724  2727  2691
    1482   1   1   1   0   1    296    95    94   284  2724  1377  1374  2727
    1487   1   1   1   0   1    292   291   279   280  2439  2475  2478  2442
    1488   1   1   1   0   1    291   290   278   279  2475  2511  2514  2478
    1489   1   1   1   0   1    290   289   277   278  2511  2547  2550  2514
    1490   1   1   1   0   1    289   288   276   277  2547  2583  2586  2550
    1491   1   1   1   0   1    288   287   275   276  2583  2619  2622  2586
    1492   1   1   1   0   1    287   286   274   275  2619  2655  2658  2622
    1493   1   1   1   0   1    286   285   273   274  2655  2691  2694  2658
    1494   1   1   1   0   1    285   284   272   273  2691  2727  2730  2694
    1495   1   1   1   0   1    284    94    93   272  2727  1374  1371  2730
    1500   1   1   1   0   1    280   279   267   268  2442  2478  2481  2445
    1501   1   1   1   0   1    279   278   266   267  2478  2514  2517  2481
 
    ELEM MAT TYP REL ESY SEC        NODES
 
    1502   1   1   1   0   1    278   277   265   266  2514  2550  2553  2517
    1503   1   1   1   0   1    277   276   264   265  2550  2586  2589  2553
    1504   1   1   1   0   1    276   275   263   264  2586  2622  2625  2589
    1505   1   1   1   0   1    275   274   262   263  2622  2658  2661  2625
    1506   1   1   1   0   1    274   273   261   262  2658  2694  2697  2661
    1507   1   1   1   0   1    273   272   260   261  2694  2730  2733  2697
    1508   1   1   1   0   1    272    93    92   260  2730  1371  1368  2733
    1513   1   1   1   0   1    268   267    33    32  2445  2481  1266  1263
    1514   1   1   1   0   1    267   266    34    33  2481  2517  1269  1266
    1515   1   1   1   0   1    266   265    35    34  2517  2553  1272  1269
    1516   1   1   1   0   1    265   264    36    35  2553  2589  1275  1272
    1517   1   1   1   0   1    264   263    37    36  2589  2625  1278  1275
    1518   1   1   1   0   1    263   262    38    37  2625  2661  1281  1278
    1519   1   1   1   0   1    262   261    39    38  2661  2697  1284  1281
    1520   1   1   1   0   1    261   260    40    39  2697  2733  1287  1284
    1521   1   1   1   0   1    260    92    41    40  2733  1368  1290  1287
    1558   1   1   1   0   1   2631  2667  2670  2634  2632  2668  2671  2635
    1559   1   1   1   0   1   2667  2703  2706  2670  2668  2704  2707  2671
    1560   1   1   1   0   1   2703  1398  1395  2706  2704  1399  1396  2707
    1569   1   1   1   0   1   2562  2598  2601  2565  2563  2599  2602  2566
 
    ELEM MAT TYP REL ESY SEC        NODES
 
    1570   1   1   1   0   1   2598  2634  2637  2601  2599  2635  2638  2602
    1571   1   1   1   0   1   2634  2670  2673  2637  2635  2671  2674  2638
    1572   1   1   1   0   1   2670  2706  2709  2673  2671  2707  2710  2674
    1573   1   1   1   0   1   2706  1395  1392  2709  2707  1396  1393  2710
    1581   1   1   1   0   1   2529  2565  2568  2532  2530  2566  2569  2533
    1582   1   1   1   0   1   2565  2601  2604  2568  2566  2602  2605  2569
    1583   1   1   1   0   1   2601  2637  2640  2604  2602  2638  2641  2605
    1584   1   1   1   0   1   2637  2673  2676  2640  2638  2674  2677  2641
    1585   1   1   1   0   1   2673  2709  2712  2676  2674  2710  2713  2677
    1586   1   1   1   0   1   2709  1392  1389  2712  2710  1393  1390  2713
    1593   1   1   1   0   1   2496  2532  2535  2499  2497  2533  2536  2500
    1594   1   1   1   0   1   2532  2568  2571  2535  2533  2569  2572  2536
    1595   1   1   1   0   1   2568  2604  2607  2571  2569  2605  2608  2572
    1596   1   1   1   0   1   2604  2640  2643  2607  2605  2641  2644  2608
    1597   1   1   1   0   1   2640  2676  2679  2643  2641  2677  2680  2644
    1598   1   1   1   0   1   2676  2712  2715  2679  2677  2713  2716  2680
    1599   1   1   1   0   1   2712  1389  1386  2715  2713  1390  1387  2716
    1606   1   1   1   0   1   2499  2535  2538  2502  2500  2536  2539  2503
    1607   1   1   1   0   1   2535  2571  2574  2538  2536  2572  2575  2539
    1608   1   1   1   0   1   2571  2607  2610  2574  2572  2608  2611  2575
 
    ELEM MAT TYP REL ESY SEC        NODES
 
    1609   1   1   1   0   1   2607  2643  2646  2610  2608  2644  2647  2611
    1610   1   1   1   0   1   2643  2679  2682  2646  2644  2680  2683  2647
    1611   1   1   1   0   1   2679  2715  2718  2682  2680  2716  2719  2683
    1612   1   1   1   0   1   2715  1386  1383  2718  2716  1387  1384  2719
    1618   1   1   1   0   1   2466  2502  2505  2469  2467  2503  2506  2470
    1619   1   1   1   0   1   2502  2538  2541  2505  2503  2539  2542  2506
    1620   1   1   1   0   1   2538  2574  2577  2541  2539  2575  2578  2542
    1621   1   1   1   0   1   2574  2610  2613  2577  2575  2611  2614  2578
    1622   1   1   1   0   1   2610  2646  2649  2613  2611  2647  2650  2614
    1623   1   1   1   0   1   2646  2682  2685  2649  2647  2683  2686  2650
    1624   1   1   1   0   1   2682  2718  2721  2685  2683  2719  2722  2686
    1625   1   1   1   0   1   2718  1383  1380  2721  2719  1384  1381  2722
    1630   1   1   1   0   1   2433  2469  2472  2436  2434  2470  2473  2437
    1631   1   1   1   0   1   2469  2505  2508  2472  2470  2506  2509  2473
    1632   1   1   1   0   1   2505  2541  2544  2508  2506  2542  2545  2509
    1633   1   1   1   0   1   2541  2577  2580  2544  2542  2578  2581  2545
    1634   1   1   1   0   1   2577  2613  2616  2580  2578  2614  2617  2581
    1635   1   1   1   0   1   2613  2649  2652  2616  2614  2650  2653  2617
    1636   1   1   1   0   1   2649  2685  2688  2652  2650  2686  2689  2653
    1637   1   1   1   0   1   2685  2721  2724  2688  2686  2722  2725  2689
 
    ELEM MAT TYP REL ESY SEC        NODES
 
    1638   1   1   1   0   1   2721  1380  1377  2724  2722  1381  1378  2725
    1643   1   1   1   0   1   2436  2472  2475  2439  2437  2473  2476  2440
    1644   1   1   1   0   1   2472  2508  2511  2475  2473  2509  2512  2476
    1645   1   1   1   0   1   2508  2544  2547  2511  2509  2545  2548  2512
    1646   1   1   1   0   1   2544  2580  2583  2547  2545  2581  2584  2548
    1647   1   1   1   0   1   2580  2616  2619  2583  2581  2617  2620  2584
    1648   1   1   1   0   1   2616  2652  2655  2619  2617  2653  2656  2620
    1649   1   1   1   0   1   2652  2688  2691  2655  2653  2689  2692  2656
    1650   1   1   1   0   1   2688  2724  2727  2691  2689  2725  2728  2692
    1651   1   1   1   0   1   2724  1377  1374  2727  2725  1378  1375  2728
    1656   1   1   1   0   1   2439  2475  2478  2442  2440  2476  2479  2443
    1657   1   1   1   0   1   2475  2511  2514  2478  2476  2512  2515  2479
    1658   1   1   1   0   1   2511  2547  2550  2514  2512  2548  2551  2515
    1659   1   1   1   0   1   2547  2583  2586  2550  2548  2584  2587  2551
    1660   1   1   1   0   1   2583  2619  2622  2586  2584  2620  2623  2587
    1661   1   1   1   0   1   2619  2655  2658  2622  2620  2656  2659  2623
    1662   1   1   1   0   1   2655  2691  2694  2658  2656  2692  2695  2659
    1663   1   1   1   0   1   2691  2727  2730  2694  2692  2728  2731  2695
    1664   1   1   1   0   1   2727  1374  1371  2730  2728  1375  1372  2731
    1669   1   1   1   0   1   2442  2478  2481  2445  2443  2479  2482  2446
 
    ELEM MAT TYP REL ESY SEC        NODES
 
    1670   1   1   1   0   1   2478  2514  2517  2481  2479  2515  2518  2482
    1671   1   1   1   0   1   2514  2550  2553  2517  2515  2551  2554  2518
    1672   1   1   1   0   1   2550  2586  2589  2553  2551  2587  2590  2554
    1673   1   1   1   0   1   2586  2622  2625  2589  2587  2623  2626  2590
    1674   1   1   1   0   1   2622  2658  2661  2625  2623  2659  2662  2626
    1675   1   1   1   0   1   2658  2694  2697  2661  2659  2695  2698  2662
    1676   1   1   1   0   1   2694  2730  2733  2697  2695  2731  2734  2698
    1677   1   1   1   0   1   2730  1371  1368  2733  2731  1372  1369  2734
    1681   1   1   1   0   1   2409  2445  1263  1260  2410  2446  1264  1261
    1682   1   1   1   0   1   2445  2481  1266  1263  2446  2482  1267  1264
    1683   1   1   1   0   1   2481  2517  1269  1266  2482  2518  1270  1267
    1684   1   1   1   0   1   2517  2553  1272  1269  2518  2554  1273  1270
    1685   1   1   1   0   1   2553  2589  1275  1272  2554  2590  1276  1273
    1686   1   1   1   0   1   2589  2625  1278  1275  2590  2626  1279  1276
    1687   1   1   1   0   1   2625  2661  1281  1278  2626  2662  1282  1279
    1688   1   1   1   0   1   2661  2697  1284  1281  2662  2698  1285  1282
    1689   1   1   1   0   1   2697  2733  1287  1284  2698  2734  1288  1285
    1690   1   1   1   0   1   2733  1368  1290  1287  2734  1369  1291  1288
    1739   1   1   1   0   1   2599  2635  2638  2602  2600  2636  2639  2603
    1740   1   1   1   0   1   2635  2671  2674  2638  2636  2672  2675  2639
 
    ELEM MAT TYP REL ESY SEC        NODES
 
    1741   1   1   1   0   1   2671  2707  2710  2674  2672  2708  2711  2675
    1742   1   1   1   0   1   2707  1396  1393  2710  2708  1397  1394  2711
    1751   1   1   1   0   1   2566  2602  2605  2569  2567  2603  2606  2570
    1752   1   1   1   0   1   2602  2638  2641  2605  2603  2639  2642  2606
    1753   1   1   1   0   1   2638  2674  2677  2641  2639  2675  2678  2642
    1754   1   1   1   0   1   2674  2710  2713  2677  2675  2711  2714  2678
    1755   1   1   1   0   1   2710  1393  1390  2713  2711  1394  1391  2714
    1762   1   1   1   0   1   2497  2533  2536  2500  2498  2534  2537  2501
    1763   1   1   1   0   1   2533  2569  2572  2536  2534  2570  2573  2537
    1764   1   1   1   0   1   2569  2605  2608  2572  2570  2606  2609  2573
    1765   1   1   1   0   1   2605  2641  2644  2608  2606  2642  2645  2609
    1766   1   1   1   0   1   2641  2677  2680  2644  2642  2678  2681  2645
    1767   1   1   1   0   1   2677  2713  2716  2680  2678  2714  2717  2681
    1768   1   1   1   0   1   2713  1390  1387  2716  2714  1391  1388  2717
    1775   1   1   1   0   1   2500  2536  2539  2503  2501  2537  2540  2504
    1776   1   1   1   0   1   2536  2572  2575  2539  2537  2573  2576  2540
    1777   1   1   1   0   1   2572  2608  2611  2575  2573  2609  2612  2576
    1778   1   1   1   0   1   2608  2644  2647  2611  2609  2645  2648  2612
    1779   1   1   1   0   1   2644  2680  2683  2647  2645  2681  2684  2648
    1780   1   1   1   0   1   2680  2716  2719  2683  2681  2717  2720  2684
 
    ELEM MAT TYP REL ESY SEC        NODES
 
    1781   1   1   1   0   1   2716  1387  1384  2719  2717  1388  1385  2720
    1787   1   1   1   0   1   2467  2503  2506  2470  2468  2504  2507  2471
    1788   1   1   1   0   1   2503  2539  2542  2506  2504  2540  2543  2507
    1789   1   1   1   0   1   2539  2575  2578  2542  2540  2576  2579  2543
    1790   1   1   1   0   1   2575  2611  2614  2578  2576  2612  2615  2579
    1791   1   1   1   0   1   2611  2647  2650  2614  2612  2648  2651  2615
    1792   1   1   1   0   1   2647  2683  2686  2650  2648  2684  2687  2651
    1793   1   1   1   0   1   2683  2719  2722  2686  2684  2720  2723  2687
    1794   1   1   1   0   1   2719  1384  1381  2722  2720  1385  1382  2723
    1799   1   1   1   0   1   2434  2470  2473  2437  2435  2471  2474  2438
    1800   1   1   1   0   1   2470  2506  2509  2473  2471  2507  2510  2474
    1801   1   1   1   0   1   2506  2542  2545  2509  2507  2543  2546  2510
    1802   1   1   1   0   1   2542  2578  2581  2545  2543  2579  2582  2546
    1803   1   1   1   0   1   2578  2614  2617  2581  2579  2615  2618  2582
    1804   1   1   1   0   1   2614  2650  2653  2617  2615  2651  2654  2618
    1805   1   1   1   0   1   2650  2686  2689  2653  2651  2687  2690  2654
    1806   1   1   1   0   1   2686  2722  2725  2689  2687  2723  2726  2690
    1807   1   1   1   0   1   2722  1381  1378  2725  2723  1382  1379  2726
    1812   1   1   1   0   1   2437  2473  2476  2440  2438  2474  2477  2441
    1813   1   1   1   0   1   2473  2509  2512  2476  2474  2510  2513  2477
 
    ELEM MAT TYP REL ESY SEC        NODES
 
    1814   1   1   1   0   1   2509  2545  2548  2512  2510  2546  2549  2513
    1815   1   1   1   0   1   2545  2581  2584  2548  2546  2582  2585  2549
    1816   1   1   1   0   1   2581  2617  2620  2584  2582  2618  2621  2585
    1817   1   1   1   0   1   2617  2653  2656  2620  2618  2654  2657  2621
    1818   1   1   1   0   1   2653  2689  2692  2656  2654  2690  2693  2657
    1819   1   1   1   0   1   2689  2725  2728  2692  2690  2726  2729  2693
    1820   1   1   1   0   1   2725  1378  1375  2728  2726  1379  1376  2729
    1825   1   1   1   0   1   2440  2476  2479  2443  2441  2477  2480  2444
    1826   1   1   1   0   1   2476  2512  2515  2479  2477  2513  2516  2480
    1827   1   1   1   0   1   2512  2548  2551  2515  2513  2549  2552  2516
    1828   1   1   1   0   1   2548  2584  2587  2551  2549  2585  2588  2552
    1829   1   1   1   0   1   2584  2620  2623  2587  2585  2621  2624  2588
    1830   1   1   1   0   1   2620  2656  2659  2623  2621  2657  2660  2624
    1831   1   1   1   0   1   2656  2692  2695  2659  2657  2693  2696  2660
    1832   1   1   1   0   1   2692  2728  2731  2695  2693  2729  2732  2696
    1833   1   1   1   0   1   2728  1375  1372  2731  2729  1376  1373  2732
    1837   1   1   1   0   1   2407  2443  2446  2410  2408  2444  2447  2411
    1838   1   1   1   0   1   2443  2479  2482  2446  2444  2480  2483  2447
    1839   1   1   1   0   1   2479  2515  2518  2482  2480  2516  2519  2483
    1840   1   1   1   0   1   2515  2551  2554  2518  2516  2552  2555  2519
 
    ELEM MAT TYP REL ESY SEC        NODES
 
    1841   1   1   1   0   1   2551  2587  2590  2554  2552  2588  2591  2555
    1842   1   1   1   0   1   2587  2623  2626  2590  2588  2624  2627  2591
    1843   1   1   1   0   1   2623  2659  2662  2626  2624  2660  2663  2627
    1844   1   1   1   0   1   2659  2695  2698  2662  2660  2696  2699  2663
    1845   1   1   1   0   1   2695  2731  2734  2698  2696  2732  2735  2699
    1846   1   1   1   0   1   2731  1372  1369  2734  2732  1373  1370  2735
    1850   1   1   1   0   1   2410  2446  1264  1261  2411  2447  1265  1262
    1851   1   1   1   0   1   2446  2482  1267  1264  2447  2483  1268  1265
    1852   1   1   1   0   1   2482  2518  1270  1267  2483  2519  1271  1268
    1853   1   1   1   0   1   2518  2554  1273  1270  2519  2555  1274  1271
    1854   1   1   1   0   1   2554  2590  1276  1273  2555  2591  1277  1274
    1855   1   1   1   0   1   2590  2626  1279  1276  2591  2627  1280  1277
    1856   1   1   1   0   1   2626  2662  1282  1279  2627  2663  1283  1280
    1857   1   1   1   0   1   2662  2698  1285  1282  2663  2699  1286  1283
    1858   1   1   1   0   1   2698  2734  1288  1285  2699  2735  1289  1286
    1859   1   1   1   0   1   2734  1369  1291  1288  2735  1370  1292  1289
    1921   1   1   1   0   1   2603  2639  2642  2606   906   918   919   907
    1922   1   1   1   0   1   2639  2675  2678  2642   918   930   931   919
    1923   1   1   1   0   1   2675  2711  2714  2678   930   942   943   931
    1924   1   1   1   0   1   2711  1394  1391  2714   942   635   634   943
 
    ELEM MAT TYP REL ESY SEC        NODES
 
    1932   1   1   1   0   1   2534  2570  2573  2537   883   895   896   884
    1933   1   1   1   0   1   2570  2606  2609  2573   895   907   908   896
    1934   1   1   1   0   1   2606  2642  2645  2609   907   919   920   908
    1935   1   1   1   0   1   2642  2678  2681  2645   919   931   932   920
    1936   1   1   1   0   1   2678  2714  2717  2681   931   943   944   932
    1937   1   1   1   0   1   2714  1391  1388  2717   943   634   633   944
    1944   1   1   1   0   1   2501  2537  2540  2504   872   884   885   873
    1945   1   1   1   0   1   2537  2573  2576  2540   884   896   897   885
    1946   1   1   1   0   1   2573  2609  2612  2576   896   908   909   897
    1947   1   1   1   0   1   2609  2645  2648  2612   908   920   921   909
    1948   1   1   1   0   1   2645  2681  2684  2648   920   932   933   921
    1949   1   1   1   0   1   2681  2717  2720  2684   932   944   945   933
    1950   1   1   1   0   1   2717  1388  1385  2720   944   633   632   945
    1956   1   1   1   0   1   2468  2504  2507  2471   861   873   874   862
    1957   1   1   1   0   1   2504  2540  2543  2507   873   885   886   874
    1958   1   1   1   0   1   2540  2576  2579  2543   885   897   898   886
    1959   1   1   1   0   1   2576  2612  2615  2579   897   909   910   898
    1960   1   1   1   0   1   2612  2648  2651  2615   909   921   922   910
    1961   1   1   1   0   1   2648  2684  2687  2651   921   933   934   922
    1962   1   1   1   0   1   2684  2720  2723  2687   933   945   946   934
 
    ELEM MAT TYP REL ESY SEC        NODES
 
    1963   1   1   1   0   1   2720  1385  1382  2723   945   632   631   946
    1968   1   1   1   0   1   2435  2471  2474  2438   850   862   863   851
    1969   1   1   1   0   1   2471  2507  2510  2474   862   874   875   863
    1970   1   1   1   0   1   2507  2543  2546  2510   874   886   887   875
    1971   1   1   1   0   1   2543  2579  2582  2546   886   898   899   887
    1972   1   1   1   0   1   2579  2615  2618  2582   898   910   911   899
    1973   1   1   1   0   1   2615  2651  2654  2618   910   922   923   911
    1974   1   1   1   0   1   2651  2687  2690  2654   922   934   935   923
    1975   1   1   1   0   1   2687  2723  2726  2690   934   946   947   935
    1976   1   1   1   0   1   2723  1382  1379  2726   946   631   630   947
    1981   1   1   1   0   1   2438  2474  2477  2441   851   863   864   852
    1982   1   1   1   0   1   2474  2510  2513  2477   863   875   876   864
    1983   1   1   1   0   1   2510  2546  2549  2513   875   887   888   876
    1984   1   1   1   0   1   2546  2582  2585  2549   887   899   900   888
    1985   1   1   1   0   1   2582  2618  2621  2585   899   911   912   900
    1986   1   1   1   0   1   2618  2654  2657  2621   911   923   924   912
    1987   1   1   1   0   1   2654  2690  2693  2657   923   935   936   924
    1988   1   1   1   0   1   2690  2726  2729  2693   935   947   948   936
    1989   1   1   1   0   1   2726  1379  1376  2729   947   630   629   948
    1994   1   1   1   0   1   2441  2477  2480  2444   852   864   865   853
 
    ELEM MAT TYP REL ESY SEC        NODES
 
    1995   1   1   1   0   1   2477  2513  2516  2480   864   876   877   865
    1996   1   1   1   0   1   2513  2549  2552  2516   876   888   889   877
    1997   1   1   1   0   1   2549  2585  2588  2552   888   900   901   889
    1998   1   1   1   0   1   2585  2621  2624  2588   900   912   913   901
    1999   1   1   1   0   1   2621  2657  2660  2624   912   924   925   913
    2000   1   1   1   0   1   2657  2693  2696  2660   924   936   937   925
    2001   1   1   1   0   1   2693  2729  2732  2696   936   948   949   937
    2002   1   1   1   0   1   2729  1376  1373  2732   948   629   628   949
    2006   1   1   1   0   1   2408  2444  2447  2411   841   853   854   842
    2007   1   1   1   0   1   2444  2480  2483  2447   853   865   866   854
    2008   1   1   1   0   1   2480  2516  2519  2483   865   877   878   866
    2009   1   1   1   0   1   2516  2552  2555  2519   877   889   890   878
    2010   1   1   1   0   1   2552  2588  2591  2555   889   901   902   890
    2011   1   1   1   0   1   2588  2624  2627  2591   901   913   914   902
    2012   1   1   1   0   1   2624  2660  2663  2627   913   925   926   914
    2013   1   1   1   0   1   2660  2696  2699  2663   925   937   938   926
    2014   1   1   1   0   1   2696  2732  2735  2699   937   949   950   938
    2015   1   1   1   0   1   2732  1373  1370  2735   949   628   627   950
    2019   1   1   1   0   1   2411  2447  1265  1262   842   854   553   552
    2020   1   1   1   0   1   2447  2483  1268  1265   854   866   554   553
 
    ELEM MAT TYP REL ESY SEC        NODES
 
    2021   1   1   1   0   1   2483  2519  1271  1268   866   878   555   554
    2022   1   1   1   0   1   2519  2555  1274  1271   878   890   556   555
    2023   1   1   1   0   1   2555  2591  1277  1274   890   902   557   556
    2024   1   1   1   0   1   2591  2627  1280  1277   902   914   558   557
    2025   1   1   1   0   1   2627  2663  1283  1280   914   926   559   558
    2026   1   1   1   0   1   2663  2699  1286  1283   926   938   560   559
    2027   1   1   1   0   1   2699  2735  1289  1286   938   950   561   560
    2028   1   1   1   0   1   2735  1370  1292  1289   950   627   562   561
    2029   1   1   1   0   1     41  2812  2967    40  1290  3932  4040  1287
    2030   1   1   1   0   1   2812  2813  2966  2967  3932  3935  4076  4040
    2031   1   1   1   0   1   2813  2814  2965  2966  3935  3938  4112  4076
    2032   1   1   1   0   1   2814  2815  2964  2965  3938  3941  4148  4112
    2033   1   1   1   0   1   2815  2816  2963  2964  3941  3944  4184  4148
    2034   1   1   1   0   1   2816  2817  2962  2963  3944  3947  4220  4184
    2035   1   1   1   0   1   2817  2818  2961  2962  3947  3950  4256  4220
    2036   1   1   1   0   1   2818  2819  2960  2961  3950  3953  4292  4256
    2037   1   1   1   0   1   2819  2820  2959  2960  3953  3956  4328  4292
    2038   1   1   1   0   1   2820  2821  2958  2959  3956  3959  4364  4328
    2039   1   1   1   0   1   2821  2822  2957  2958  3959  3962  4400  4364
    2040   1   1   1   0   1   2822  2823  2956  2957  3962  3965  4436  4400
 
    ELEM MAT TYP REL ESY SEC        NODES
 
    2041   1   1   1   0   1   2823  2787  2799  2956  3965  3929  4037  4436
    2042   1   1   1   0   1     40  2967  2955    39  1287  4040  4043  1284
    2043   1   1   1   0   1   2967  2966  2954  2955  4040  4076  4079  4043
    2044   1   1   1   0   1   2966  2965  2953  2954  4076  4112  4115  4079
    2045   1   1   1   0   1   2965  2964  2952  2953  4112  4148  4151  4115
    2046   1   1   1   0   1   2964  2963  2951  2952  4148  4184  4187  4151
    2047   1   1   1   0   1   2963  2962  2950  2951  4184  4220  4223  4187
    2048   1   1   1   0   1   2962  2961  2949  2950  4220  4256  4259  4223
    2049   1   1   1   0   1   2961  2960  2948  2949  4256  4292  4295  4259
    2050   1   1   1   0   1   2960  2959  2947  2948  4292  4328  4331  4295
    2051   1   1   1   0   1   2959  2958  2946  2947  4328  4364  4367  4331
    2052   1   1   1   0   1   2958  2957  2945  2946  4364  4400  4403  4367
    2053   1   1   1   0   1   2957  2956  2944  2945  4400  4436  4439  4403
    2054   1   1   1   0   1   2956  2799  2798  2944  4436  4037  4034  4439
    2055   1   1   1   0   1     39  2955  2943    38  1284  4043  4046  1281
    2056   1   1   1   0   1   2955  2954  2942  2943  4043  4079  4082  4046
    2057   1   1   1   0   1   2954  2953  2941  2942  4079  4115  4118  4082
    2058   1   1   1   0   1   2953  2952  2940  2941  4115  4151  4154  4118
    2059   1   1   1   0   1   2952  2951  2939  2940  4151  4187  4190  4154
    2060   1   1   1   0   1   2951  2950  2938  2939  4187  4223  4226  4190
 
    ELEM MAT TYP REL ESY SEC        NODES
 
    2061   1   1   1   0   1   2950  2949  2937  2938  4223  4259  4262  4226
    2062   1   1   1   0   1   2949  2948  2936  2937  4259  4295  4298  4262
    2063   1   1   1   0   1   2948  2947  2935  2936  4295  4331  4334  4298
    2064   1   1   1   0   1   2947  2946  2934  2935  4331  4367  4370  4334
    2065   1   1   1   0   1   2946  2945  2933  2934  4367  4403  4406  4370
    2066   1   1   1   0   1   2945  2944  2932  2933  4403  4439  4442  4406
    2068   1   1   1   0   1     38  2943  2931    37  1281  4046  4049  1278
    2069   1   1   1   0   1   2943  2942  2930  2931  4046  4082  4085  4049
    2070   1   1   1   0   1   2942  2941  2929  2930  4082  4118  4121  4085
    2071   1   1   1   0   1   2941  2940  2928  2929  4118  4154  4157  4121
    2072   1   1   1   0   1   2940  2939  2927  2928  4154  4190  4193  4157
    2073   1   1   1   0   1   2939  2938  2926  2927  4190  4226  4229  4193
    2074   1   1   1   0   1   2938  2937  2925  2926  4226  4262  4265  4229
    2075   1   1   1   0   1   2937  2936  2924  2925  4262  4298  4301  4265
    2076   1   1   1   0   1   2936  2935  2923  2924  4298  4334  4337  4301
    2077   1   1   1   0   1   2935  2934  2922  2923  4334  4370  4373  4337
    2078   1   1   1   0   1   2934  2933  2921  2922  4370  4406  4409  4373
    2081   1   1   1   0   1     37  2931  2919    36  1278  4049  4052  1275
    2082   1   1   1   0   1   2931  2930  2918  2919  4049  4085  4088  4052
    2083   1   1   1   0   1   2930  2929  2917  2918  4085  4121  4124  4088
 
    ELEM MAT TYP REL ESY SEC        NODES
 
    2084   1   1   1   0   1   2929  2928  2916  2917  4121  4157  4160  4124
    2085   1   1   1   0   1   2928  2927  2915  2916  4157  4193  4196  4160
    2086   1   1   1   0   1   2927  2926  2914  2915  4193  4229  4232  4196
    2087   1   1   1   0   1   2926  2925  2913  2914  4229  4265  4268  4232
    2088   1   1   1   0   1   2925  2924  2912  2913  4265  4301  4304  4268
    2089   1   1   1   0   1   2924  2923  2911  2912  4301  4337  4340  4304
    2090   1   1   1   0   1   2923  2922  2910  2911  4337  4373  4376  4340
    2091   1   1   1   0   1   2922  2921  2909  2910  4373  4409  4412  4376
    2094   1   1   1   0   1     36  2919  2907    35  1275  4052  4055  1272
    2095   1   1   1   0   1   2919  2918  2906  2907  4052  4088  4091  4055
    2096   1   1   1   0   1   2918  2917  2905  2906  4088  4124  4127  4091
    2097   1   1   1   0   1   2917  2916  2904  2905  4124  4160  4163  4127
    2098   1   1   1   0   1   2916  2915  2903  2904  4160  4196  4199  4163
    2099   1   1   1   0   1   2915  2914  2902  2903  4196  4232  4235  4199
    2100   1   1   1   0   1   2914  2913  2901  2902  4232  4268  4271  4235
    2101   1   1   1   0   1   2913  2912  2900  2901  4268  4304  4307  4271
    2102   1   1   1   0   1   2912  2911  2899  2900  4304  4340  4343  4307
    2107   1   1   1   0   1     35  2907  2895    34  1272  4055  4058  1269
    2108   1   1   1   0   1   2907  2906  2894  2895  4055  4091  4094  4058
    2109   1   1   1   0   1   2906  2905  2893  2894  4091  4127  4130  4094
 
    ELEM MAT TYP REL ESY SEC        NODES
 
    2110   1   1   1   0   1   2905  2904  2892  2893  4127  4163  4166  4130
    2111   1   1   1   0   1   2904  2903  2891  2892  4163  4199  4202  4166
    2112   1   1   1   0   1   2903  2902  2890  2891  4199  4235  4238  4202
    2113   1   1   1   0   1   2902  2901  2889  2890  4235  4271  4274  4238
    2114   1   1   1   0   1   2901  2900  2888  2889  4271  4307  4310  4274
    2120   1   1   1   0   1     34  2895  2883    33  1269  4058  4061  1266
    2121   1   1   1   0   1   2895  2894  2882  2883  4058  4094  4097  4061
    2122   1   1   1   0   1   2894  2893  2881  2882  4094  4130  4133  4097
    2123   1   1   1   0   1   2893  2892  2880  2881  4130  4166  4169  4133
    2124   1   1   1   0   1   2892  2891  2879  2880  4166  4202  4205  4169
    2125   1   1   1   0   1   2891  2890  2878  2879  4202  4238  4241  4205
    2126   1   1   1   0   1   2890  2889  2877  2878  4238  4274  4277  4241
    2133   1   1   1   0   1     33  2883  2871    32  1266  4061  4064  1263
    2134   1   1   1   0   1   2883  2882  2870  2871  4061  4097  4100  4064
    2135   1   1   1   0   1   2882  2881  2869  2870  4097  4133  4136  4100
    2136   1   1   1   0   1   2881  2880  2868  2869  4133  4169  4172  4136
    2137   1   1   1   0   1   2880  2879  2867  2868  4169  4205  4208  4172
    2198   1   1   1   0   1   1290  3932  4040  1287  1291  3933  4041  1288
    2199   1   1   1   0   1   3932  3935  4076  4040  3933  3936  4077  4041
    2200   1   1   1   0   1   3935  3938  4112  4076  3936  3939  4113  4077
 
    ELEM MAT TYP REL ESY SEC        NODES
 
    2201   1   1   1   0   1   3938  3941  4148  4112  3939  3942  4149  4113
    2202   1   1   1   0   1   3941  3944  4184  4148  3942  3945  4185  4149
    2203   1   1   1   0   1   3944  3947  4220  4184  3945  3948  4221  4185
    2204   1   1   1   0   1   3947  3950  4256  4220  3948  3951  4257  4221
    2205   1   1   1   0   1   3950  3953  4292  4256  3951  3954  4293  4257
    2206   1   1   1   0   1   3953  3956  4328  4292  3954  3957  4329  4293
    2207   1   1   1   0   1   3956  3959  4364  4328  3957  3960  4365  4329
    2208   1   1   1   0   1   3959  3962  4400  4364  3960  3963  4401  4365
    2209   1   1   1   0   1   3962  3965  4436  4400  3963  3966  4437  4401
    2211   1   1   1   0   1   1287  4040  4043  1284  1288  4041  4044  1285
    2212   1   1   1   0   1   4040  4076  4079  4043  4041  4077  4080  4044
    2213   1   1   1   0   1   4076  4112  4115  4079  4077  4113  4116  4080
    2214   1   1   1   0   1   4112  4148  4151  4115  4113  4149  4152  4116
    2215   1   1   1   0   1   4148  4184  4187  4151  4149  4185  4188  4152
    2216   1   1   1   0   1   4184  4220  4223  4187  4185  4221  4224  4188
    2217   1   1   1   0   1   4220  4256  4259  4223  4221  4257  4260  4224
    2218   1   1   1   0   1   4256  4292  4295  4259  4257  4293  4296  4260
    2219   1   1   1   0   1   4292  4328  4331  4295  4293  4329  4332  4296
    2220   1   1   1   0   1   4328  4364  4367  4331  4329  4365  4368  4332
    2221   1   1   1   0   1   4364  4400  4403  4367  4365  4401  4404  4368
 
    ELEM MAT TYP REL ESY SEC        NODES
 
    2222   1   1   1   0   1   4400  4436  4439  4403  4401  4437  4440  4404
    2224   1   1   1   0   1   1284  4043  4046  1281  1285  4044  4047  1282
    2225   1   1   1   0   1   4043  4079  4082  4046  4044  4080  4083  4047
    2226   1   1   1   0   1   4079  4115  4118  4082  4080  4116  4119  4083
    2227   1   1   1   0   1   4115  4151  4154  4118  4116  4152  4155  4119
    2228   1   1   1   0   1   4151  4187  4190  4154  4152  4188  4191  4155
    2229   1   1   1   0   1   4187  4223  4226  4190  4188  4224  4227  4191
    2230   1   1   1   0   1   4223  4259  4262  4226  4224  4260  4263  4227
    2231   1   1   1   0   1   4259  4295  4298  4262  4260  4296  4299  4263
    2232   1   1   1   0   1   4295  4331  4334  4298  4296  4332  4335  4299
    2233   1   1   1   0   1   4331  4367  4370  4334  4332  4368  4371  4335
    2234   1   1   1   0   1   4367  4403  4406  4370  4368  4404  4407  4371
    2237   1   1   1   0   1   1281  4046  4049  1278  1282  4047  4050  1279
    2238   1   1   1   0   1   4046  4082  4085  4049  4047  4083  4086  4050
    2239   1   1   1   0   1   4082  4118  4121  4085  4083  4119  4122  4086
    2240   1   1   1   0   1   4118  4154  4157  4121  4119  4155  4158  4122
    2241   1   1   1   0   1   4154  4190  4193  4157  4155  4191  4194  4158
    2242   1   1   1   0   1   4190  4226  4229  4193  4191  4227  4230  4194
    2243   1   1   1   0   1   4226  4262  4265  4229  4227  4263  4266  4230
    2244   1   1   1   0   1   4262  4298  4301  4265  4263  4299  4302  4266
 
    ELEM MAT TYP REL ESY SEC        NODES
 
    2245   1   1   1   0   1   4298  4334  4337  4301  4299  4335  4338  4302
    2246   1   1   1   0   1   4334  4370  4373  4337  4335  4371  4374  4338
    2247   1   1   1   0   1   4370  4406  4409  4373  4371  4407  4410  4374
    2250   1   1   1   0   1   1278  4049  4052  1275  1279  4050  4053  1276
    2251   1   1   1   0   1   4049  4085  4088  4052  4050  4086  4089  4053
    2252   1   1   1   0   1   4085  4121  4124  4088  4086  4122  4125  4089
    2253   1   1   1   0   1   4121  4157  4160  4124  4122  4158  4161  4125
    2254   1   1   1   0   1   4157  4193  4196  4160  4158  4194  4197  4161
    2255   1   1   1   0   1   4193  4229  4232  4196  4194  4230  4233  4197
    2256   1   1   1   0   1   4229  4265  4268  4232  4230  4266  4269  4233
    2257   1   1   1   0   1   4265  4301  4304  4268  4266  4302  4305  4269
    2258   1   1   1   0   1   4301  4337  4340  4304  4302  4338  4341  4305
    2259   1   1   1   0   1   4337  4373  4376  4340  4338  4374  4377  4341
    2263   1   1   1   0   1   1275  4052  4055  1272  1276  4053  4056  1273
    2264   1   1   1   0   1   4052  4088  4091  4055  4053  4089  4092  4056
    2265   1   1   1   0   1   4088  4124  4127  4091  4089  4125  4128  4092
    2266   1   1   1   0   1   4124  4160  4163  4127  4125  4161  4164  4128
    2267   1   1   1   0   1   4160  4196  4199  4163  4161  4197  4200  4164
    2268   1   1   1   0   1   4196  4232  4235  4199  4197  4233  4236  4200
    2269   1   1   1   0   1   4232  4268  4271  4235  4233  4269  4272  4236
 
    ELEM MAT TYP REL ESY SEC        NODES
 
    2270   1   1   1   0   1   4268  4304  4307  4271  4269  4305  4308  4272
    2271   1   1   1   0   1   4304  4340  4343  4307  4305  4341  4344  4308
    2276   1   1   1   0   1   1272  4055  4058  1269  1273  4056  4059  1270
    2277   1   1   1   0   1   4055  4091  4094  4058  4056  4092  4095  4059
    2278   1   1   1   0   1   4091  4127  4130  4094  4092  4128  4131  4095
    2279   1   1   1   0   1   4127  4163  4166  4130  4128  4164  4167  4131
    2280   1   1   1   0   1   4163  4199  4202  4166  4164  4200  4203  4167
    2281   1   1   1   0   1   4199  4235  4238  4202  4200  4236  4239  4203
    2282   1   1   1   0   1   4235  4271  4274  4238  4236  4272  4275  4239
    2283   1   1   1   0   1   4271  4307  4310  4274  4272  4308  4311  4275
    2289   1   1   1   0   1   1269  4058  4061  1266  1270  4059  4062  1267
    2290   1   1   1   0   1   4058  4094  4097  4061  4059  4095  4098  4062
    2291   1   1   1   0   1   4094  4130  4133  4097  4095  4131  4134  4098
    2292   1   1   1   0   1   4130  4166  4169  4133  4131  4167  4170  4134
    2293   1   1   1   0   1   4166  4202  4205  4169  4167  4203  4206  4170
    2294   1   1   1   0   1   4202  4238  4241  4205  4203  4239  4242  4206
    2295   1   1   1   0   1   4238  4274  4277  4241  4239  4275  4278  4242
    2302   1   1   1   0   1   1266  4061  4064  1263  1267  4062  4065  1264
    2303   1   1   1   0   1   4061  4097  4100  4064  4062  4098  4101  4065
    2304   1   1   1   0   1   4097  4133  4136  4100  4098  4134  4137  4101
 
    ELEM MAT TYP REL ESY SEC        NODES
 
    2305   1   1   1   0   1   4133  4169  4172  4136  4134  4170  4173  4137
    2306   1   1   1   0   1   4169  4205  4208  4172  4170  4206  4209  4173
    2315   1   1   1   0   1   1263  4064  4067  1260  1264  4065  4068  1261
    2367   1   1   1   0   1   1291  3933  4041  1288  1292  3934  4042  1289
    2368   1   1   1   0   1   3933  3936  4077  4041  3934  3937  4078  4042
    2369   1   1   1   0   1   3936  3939  4113  4077  3937  3940  4114  4078
    2370   1   1   1   0   1   3939  3942  4149  4113  3940  3943  4150  4114
    2371   1   1   1   0   1   3942  3945  4185  4149  3943  3946  4186  4150
    2372   1   1   1   0   1   3945  3948  4221  4185  3946  3949  4222  4186
    2373   1   1   1   0   1   3948  3951  4257  4221  3949  3952  4258  4222
    2374   1   1   1   0   1   3951  3954  4293  4257  3952  3955  4294  4258
    2375   1   1   1   0   1   3954  3957  4329  4293  3955  3958  4330  4294
    2376   1   1   1   0   1   3957  3960  4365  4329  3958  3961  4366  4330
    2377   1   1   1   0   1   3960  3963  4401  4365  3961  3964  4402  4366
    2380   1   1   1   0   1   1288  4041  4044  1285  1289  4042  4045  1286
    2381   1   1   1   0   1   4041  4077  4080  4044  4042  4078  4081  4045
    2382   1   1   1   0   1   4077  4113  4116  4080  4078  4114  4117  4081
    2383   1   1   1   0   1   4113  4149  4152  4116  4114  4150  4153  4117
    2384   1   1   1   0   1   4149  4185  4188  4152  4150  4186  4189  4153
    2385   1   1   1   0   1   4185  4221  4224  4188  4186  4222  4225  4189
 
    ELEM MAT TYP REL ESY SEC        NODES
 
    2386   1   1   1   0   1   4221  4257  4260  4224  4222  4258  4261  4225
    2387   1   1   1   0   1   4257  4293  4296  4260  4258  4294  4297  4261
    2388   1   1   1   0   1   4293  4329  4332  4296  4294  4330  4333  4297
    2389   1   1   1   0   1   4329  4365  4368  4332  4330  4366  4369  4333
    2390   1   1   1   0   1   4365  4401  4404  4368  4366  4402  4405  4369
    2393   1   1   1   0   1   1285  4044  4047  1282  1286  4045  4048  1283
    2394   1   1   1   0   1   4044  4080  4083  4047  4045  4081  4084  4048
    2395   1   1   1   0   1   4080  4116  4119  4083  4081  4117  4120  4084
    2396   1   1   1   0   1   4116  4152  4155  4119  4117  4153  4156  4120
    2397   1   1   1   0   1   4152  4188  4191  4155  4153  4189  4192  4156
    2398   1   1   1   0   1   4188  4224  4227  4191  4189  4225  4228  4192
    2399   1   1   1   0   1   4224  4260  4263  4227  4225  4261  4264  4228
    2400   1   1   1   0   1   4260  4296  4299  4263  4261  4297  4300  4264
    2401   1   1   1   0   1   4296  4332  4335  4299  4297  4333  4336  4300
    2402   1   1   1   0   1   4332  4368  4371  4335  4333  4369  4372  4336
    2406   1   1   1   0   1   1282  4047  4050  1279  1283  4048  4051  1280
    2407   1   1   1   0   1   4047  4083  4086  4050  4048  4084  4087  4051
    2408   1   1   1   0   1   4083  4119  4122  4086  4084  4120  4123  4087
    2409   1   1   1   0   1   4119  4155  4158  4122  4120  4156  4159  4123
    2410   1   1   1   0   1   4155  4191  4194  4158  4156  4192  4195  4159
 
    ELEM MAT TYP REL ESY SEC        NODES
 
    2411   1   1   1   0   1   4191  4227  4230  4194  4192  4228  4231  4195
    2412   1   1   1   0   1   4227  4263  4266  4230  4228  4264  4267  4231
    2413   1   1   1   0   1   4263  4299  4302  4266  4264  4300  4303  4267
    2414   1   1   1   0   1   4299  4335  4338  4302  4300  4336  4339  4303
    2415   1   1   1   0   1   4335  4371  4374  4338  4336  4372  4375  4339
    2419   1   1   1   0   1   1279  4050  4053  1276  1280  4051  4054  1277
    2420   1   1   1   0   1   4050  4086  4089  4053  4051  4087  4090  4054
    2421   1   1   1   0   1   4086  4122  4125  4089  4087  4123  4126  4090
    2422   1   1   1   0   1   4122  4158  4161  4125  4123  4159  4162  4126
    2423   1   1   1   0   1   4158  4194  4197  4161  4159  4195  4198  4162
    2424   1   1   1   0   1   4194  4230  4233  4197  4195  4231  4234  4198
    2425   1   1   1   0   1   4230  4266  4269  4233  4231  4267  4270  4234
    2426   1   1   1   0   1   4266  4302  4305  4269  4267  4303  4306  4270
    2427   1   1   1   0   1   4302  4338  4341  4305  4303  4339  4342  4306
    2432   1   1   1   0   1   1276  4053  4056  1273  1277  4054  4057  1274
    2433   1   1   1   0   1   4053  4089  4092  4056  4054  4090  4093  4057
    2434   1   1   1   0   1   4089  4125  4128  4092  4090  4126  4129  4093
    2435   1   1   1   0   1   4125  4161  4164  4128  4126  4162  4165  4129
    2436   1   1   1   0   1   4161  4197  4200  4164  4162  4198  4201  4165
    2437   1   1   1   0   1   4197  4233  4236  4200  4198  4234  4237  4201
 
    ELEM MAT TYP REL ESY SEC        NODES
 
    2438   1   1   1   0   1   4233  4269  4272  4236  4234  4270  4273  4237
    2439   1   1   1   0   1   4269  4305  4308  4272  4270  4306  4309  4273
    2440   1   1   1   0   1   4305  4341  4344  4308  4306  4342  4345  4309
    2445   1   1   1   0   1   1273  4056  4059  1270  1274  4057  4060  1271
    2446   1   1   1   0   1   4056  4092  4095  4059  4057  4093  4096  4060
    2447   1   1   1   0   1   4092  4128  4131  4095  4093  4129  4132  4096
    2448   1   1   1   0   1   4128  4164  4167  4131  4129  4165  4168  4132
    2449   1   1   1   0   1   4164  4200  4203  4167  4165  4201  4204  4168
    2450   1   1   1   0   1   4200  4236  4239  4203  4201  4237  4240  4204
    2451   1   1   1   0   1   4236  4272  4275  4239  4237  4273  4276  4240
    2452   1   1   1   0   1   4272  4308  4311  4275  4273  4309  4312  4276
    2458   1   1   1   0   1   1270  4059  4062  1267  1271  4060  4063  1268
    2459   1   1   1   0   1   4059  4095  4098  4062  4060  4096  4099  4063
    2460   1   1   1   0   1   4095  4131  4134  4098  4096  4132  4135  4099
    2461   1   1   1   0   1   4131  4167  4170  4134  4132  4168  4171  4135
    2462   1   1   1   0   1   4167  4203  4206  4170  4168  4204  4207  4171
    2463   1   1   1   0   1   4203  4239  4242  4206  4204  4240  4243  4207
    2464   1   1   1   0   1   4239  4275  4278  4242  4240  4276  4279  4243
    2471   1   1   1   0   1   1267  4062  4065  1264  1268  4063  4066  1265
    2472   1   1   1   0   1   4062  4098  4101  4065  4063  4099  4102  4066
 
    ELEM MAT TYP REL ESY SEC        NODES
 
    2473   1   1   1   0   1   4098  4134  4137  4101  4099  4135  4138  4102
    2474   1   1   1   0   1   4134  4170  4173  4137  4135  4171  4174  4138
    2475   1   1   1   0   1   4170  4206  4209  4173  4171  4207  4210  4174
    2484   1   1   1   0   1   1264  4065  4068  1261  1265  4066  4069  1262
    2485   1   1   1   0   1   4065  4101  4104  4068  4066  4102  4105  4069
    2536   1   1   1   0   1   1292  3934  4042  1289   562  3332  3632   561
    2537   1   1   1   0   1   3934  3937  4078  4042  3332  3333  3644  3632
    2538   1   1   1   0   1   3937  3940  4114  4078  3333  3334  3656  3644
    2539   1   1   1   0   1   3940  3943  4150  4114  3334  3335  3668  3656
    2540   1   1   1   0   1   3943  3946  4186  4150  3335  3336  3680  3668
    2541   1   1   1   0   1   3946  3949  4222  4186  3336  3337  3692  3680
    2542   1   1   1   0   1   3949  3952  4258  4222  3337  3338  3704  3692
    2543   1   1   1   0   1   3952  3955  4294  4258  3338  3339  3716  3704
    2544   1   1   1   0   1   3955  3958  4330  4294  3339  3340  3728  3716
    2545   1   1   1   0   1   3958  3961  4366  4330  3340  3341  3740  3728
    2549   1   1   1   0   1   1289  4042  4045  1286   561  3632  3633   560
    2550   1   1   1   0   1   4042  4078  4081  4045  3632  3644  3645  3633
    2551   1   1   1   0   1   4078  4114  4117  4081  3644  3656  3657  3645
    2552   1   1   1   0   1   4114  4150  4153  4117  3656  3668  3669  3657
    2553   1   1   1   0   1   4150  4186  4189  4153  3668  3680  3681  3669
 
    ELEM MAT TYP REL ESY SEC        NODES
 
    2554   1   1   1   0   1   4186  4222  4225  4189  3680  3692  3693  3681
    2555   1   1   1   0   1   4222  4258  4261  4225  3692  3704  3705  3693
    2556   1   1   1   0   1   4258  4294  4297  4261  3704  3716  3717  3705
    2557   1   1   1   0   1   4294  4330  4333  4297  3716  3728  3729  3717
    2558   1   1   1   0   1   4330  4366  4369  4333  3728  3740  3741  3729
    2562   1   1   1   0   1   1286  4045  4048  1283   560  3633  3634   559
    2563   1   1   1   0   1   4045  4081  4084  4048  3633  3645  3646  3634
    2564   1   1   1   0   1   4081  4117  4120  4084  3645  3657  3658  3646
    2565   1   1   1   0   1   4117  4153  4156  4120  3657  3669  3670  3658
    2566   1   1   1   0   1   4153  4189  4192  4156  3669  3681  3682  3670
    2567   1   1   1   0   1   4189  4225  4228  4192  3681  3693  3694  3682
    2568   1   1   1   0   1   4225  4261  4264  4228  3693  3705  3706  3694
    2569   1   1   1   0   1   4261  4297  4300  4264  3705  3717  3718  3706
    2570   1   1   1   0   1   4297  4333  4336  4300  3717  3729  3730  3718
    2571   1   1   1   0   1   4333  4369  4372  4336  3729  3741  3742  3730
    2575   1   1   1   0   1   1283  4048  4051  1280   559  3634  3635   558
    2576   1   1   1   0   1   4048  4084  4087  4051  3634  3646  3647  3635
    2577   1   1   1   0   1   4084  4120  4123  4087  3646  3658  3659  3647
    2578   1   1   1   0   1   4120  4156  4159  4123  3658  3670  3671  3659
    2579   1   1   1   0   1   4156  4192  4195  4159  3670  3682  3683  3671
 
    ELEM MAT TYP REL ESY SEC        NODES
 
    2580   1   1   1   0   1   4192  4228  4231  4195  3682  3694  3695  3683
    2581   1   1   1   0   1   4228  4264  4267  4231  3694  3706  3707  3695
    2582   1   1   1   0   1   4264  4300  4303  4267  3706  3718  3719  3707
    2583   1   1   1   0   1   4300  4336  4339  4303  3718  3730  3731  3719
    2588   1   1   1   0   1   1280  4051  4054  1277   558  3635  3636   557
    2589   1   1   1   0   1   4051  4087  4090  4054  3635  3647  3648  3636
    2590   1   1   1   0   1   4087  4123  4126  4090  3647  3659  3660  3648
    2591   1   1   1   0   1   4123  4159  4162  4126  3659  3671  3672  3660
    2592   1   1   1   0   1   4159  4195  4198  4162  3671  3683  3684  3672
    2593   1   1   1   0   1   4195  4231  4234  4198  3683  3695  3696  3684
    2594   1   1   1   0   1   4231  4267  4270  4234  3695  3707  3708  3696
    2595   1   1   1   0   1   4267  4303  4306  4270  3707  3719  3720  3708
    2596   1   1   1   0   1   4303  4339  4342  4306  3719  3731  3732  3720
    2601   1   1   1   0   1   1277  4054  4057  1274   557  3636  3637   556
    2602   1   1   1   0   1   4054  4090  4093  4057  3636  3648  3649  3637
    2603   1   1   1   0   1   4090  4126  4129  4093  3648  3660  3661  3649
    2604   1   1   1   0   1   4126  4162  4165  4129  3660  3672  3673  3661
    2605   1   1   1   0   1   4162  4198  4201  4165  3672  3684  3685  3673
    2606   1   1   1   0   1   4198  4234  4237  4201  3684  3696  3697  3685
    2607   1   1   1   0   1   4234  4270  4273  4237  3696  3708  3709  3697
 
    ELEM MAT TYP REL ESY SEC        NODES
 
    2608   1   1   1   0   1   4270  4306  4309  4273  3708  3720  3721  3709
    2614   1   1   1   0   1   1274  4057  4060  1271   556  3637  3638   555
    2615   1   1   1   0   1   4057  4093  4096  4060  3637  3649  3650  3638
    2616   1   1   1   0   1   4093  4129  4132  4096  3649  3661  3662  3650
    2617   1   1   1   0   1   4129  4165  4168  4132  3661  3673  3674  3662
    2618   1   1   1   0   1   4165  4201  4204  4168  3673  3685  3686  3674
    2619   1   1   1   0   1   4201  4237  4240  4204  3685  3697  3698  3686
    2620   1   1   1   0   1   4237  4273  4276  4240  3697  3709  3710  3698
    2621   1   1   1   0   1   4273  4309  4312  4276  3709  3721  3722  3710
    2627   1   1   1   0   1   1271  4060  4063  1268   555  3638  3639   554
    2628   1   1   1   0   1   4060  4096  4099  4063  3638  3650  3651  3639
    2629   1   1   1   0   1   4096  4132  4135  4099  3650  3662  3663  3651
    2630   1   1   1   0   1   4132  4168  4171  4135  3662  3674  3675  3663
    2631   1   1   1   0   1   4168  4204  4207  4171  3674  3686  3687  3675
    2632   1   1   1   0   1   4204  4240  4243  4207  3686  3698  3699  3687
    2633   1   1   1   0   1   4240  4276  4279  4243  3698  3710  3711  3699
    2640   1   1   1   0   1   1268  4063  4066  1265   554  3639  3640   553
    2641   1   1   1   0   1   4063  4099  4102  4066  3639  3651  3652  3640
    2642   1   1   1   0   1   4099  4135  4138  4102  3651  3663  3664  3652
    2643   1   1   1   0   1   4135  4171  4174  4138  3663  3675  3676  3664
 
    ELEM MAT TYP REL ESY SEC        NODES
 
    2644   1   1   1   0   1   4171  4207  4210  4174  3675  3687  3688  3676
    2653   1   1   1   0   1   1265  4066  4069  1262   553  3640  3641   552
    2654   1   1   1   0   1   4066  4102  4105  4069  3640  3652  3653  3641
    2655   1   1   1   0   1   4102  4138  4141  4105  3652  3664  3665  3653
    2716   1   1   1   0   1   2810  2811  3244  3245  3998  4001  4868  4832
    2717   1   1   1   0   1   2811  2787  2823  3244  4001  3929  3965  4868
    2727   1   1   1   0   1   3247  3246  3234  3235  4760  4796  4799  4763
    2728   1   1   1   0   1   3246  3245  3233  3234  4796  4832  4835  4799
    2729   1   1   1   0   1   3245  3244  3232  3233  4832  4868  4871  4835
    2730   1   1   1   0   1   3244  2823  2822  3232  4868  3965  3962  4871
    2739   1   1   1   0   1   3236  3235  3223  3224  4727  4763  4766  4730
    2740   1   1   1   0   1   3235  3234  3222  3223  4763  4799  4802  4766
    2741   1   1   1   0   1   3234  3233  3221  3222  4799  4835  4838  4802
    2742   1   1   1   0   1   3233  3232  3220  3221  4835  4871  4874  4838
    2743   1   1   1   0   1   3232  2822  2821  3220  4871  3962  3959  4874
    2751   1   1   1   0   1   3225  3224  3212  3213  4694  4730  4733  4697
    2752   1   1   1   0   1   3224  3223  3211  3212  4730  4766  4769  4733
    2753   1   1   1   0   1   3223  3222  3210  3211  4766  4802  4805  4769
    2754   1   1   1   0   1   3222  3221  3209  3210  4802  4838  4841  4805
    2755   1   1   1   0   1   3221  3220  3208  3209  4838  4874  4877  4841
 
    ELEM MAT TYP REL ESY SEC        NODES
 
    2756   1   1   1   0   1   3220  2821  2820  3208  4874  3959  3956  4877
    2764   1   1   1   0   1   3213  3212  3200  3201  4697  4733  4736  4700
    2765   1   1   1   0   1   3212  3211  3199  3200  4733  4769  4772  4736
    2766   1   1   1   0   1   3211  3210  3198  3199  4769  4805  4808  4772
    2767   1   1   1   0   1   3210  3209  3197  3198  4805  4841  4844  4808
    2768   1   1   1   0   1   3209  3208  3196  3197  4841  4877  4880  4844
    2769   1   1   1   0   1   3208  2820  2819  3196  4877  3956  3953  4880
    2777   1   1   1   0   1   3201  3200  3188  3189  4700  4736  4739  4703
    2778   1   1   1   0   1   3200  3199  3187  3188  4736  4772  4775  4739
    2779   1   1   1   0   1   3199  3198  3186  3187  4772  4808  4811  4775
    2780   1   1   1   0   1   3198  3197  3185  3186  4808  4844  4847  4811
    2781   1   1   1   0   1   3197  3196  3184  3185  4844  4880  4883  4847
    2782   1   1   1   0   1   3196  2819  2818  3184  4880  3953  3950  4883
    2790   1   1   1   0   1   3189  3188  3176  3177  4703  4739  4742  4706
    2791   1   1   1   0   1   3188  3187  3175  3176  4739  4775  4778  4742
    2792   1   1   1   0   1   3187  3186  3174  3175  4775  4811  4814  4778
    2793   1   1   1   0   1   3186  3185  3173  3174  4811  4847  4850  4814
    2794   1   1   1   0   1   3185  3184  3172  3173  4847  4883  4886  4850
    2795   1   1   1   0   1   3184  2818  2817  3172  4883  3950  3947  4886
    2803   1   1   1   0   1   3177  3176  3164  3165  4706  4742  4745  4709
 
    ELEM MAT TYP REL ESY SEC        NODES
 
    2804   1   1   1   0   1   3176  3175  3163  3164  4742  4778  4781  4745
    2805   1   1   1   0   1   3175  3174  3162  3163  4778  4814  4817  4781
    2806   1   1   1   0   1   3174  3173  3161  3162  4814  4850  4853  4817
    2807   1   1   1   0   1   3173  3172  3160  3161  4850  4886  4889  4853
    2808   1   1   1   0   1   3172  2817  2816  3160  4886  3947  3944  4889
    2816   1   1   1   0   1   3165  3164  3152  3153  4709  4745  4748  4712
    2817   1   1   1   0   1   3164  3163  3151  3152  4745  4781  4784  4748
    2818   1   1   1   0   1   3163  3162  3150  3151  4781  4817  4820  4784
    2819   1   1   1   0   1   3162  3161  3149  3150  4817  4853  4856  4820
    2820   1   1   1   0   1   3161  3160  3148  3149  4853  4889  4892  4856
    2821   1   1   1   0   1   3160  2816  2815  3148  4889  3944  3941  4892
    2829   1   1   1   0   1   3153  3152  3140  3141  4712  4748  4751  4715
    2830   1   1   1   0   1   3152  3151  3139  3140  4748  4784  4787  4751
    2831   1   1   1   0   1   3151  3150  3138  3139  4784  4820  4823  4787
    2832   1   1   1   0   1   3150  3149  3137  3138  4820  4856  4859  4823
    2833   1   1   1   0   1   3149  3148  3136  3137  4856  4892  4895  4859
    2834   1   1   1   0   1   3148  2815  2814  3136  4892  3941  3938  4895
    2842   1   1   1   0   1   3141  3140  3128  3129  4715  4751  4754  4718
    2843   1   1   1   0   1   3140  3139  3127  3128  4751  4787  4790  4754
    2844   1   1   1   0   1   3139  3138  3126  3127  4787  4823  4826  4790
 
    ELEM MAT TYP REL ESY SEC        NODES
 
    2845   1   1   1   0   1   3138  3137  3125  3126  4823  4859  4862  4826
    2846   1   1   1   0   1   3137  3136  3124  3125  4859  4895  4898  4862
    2847   1   1   1   0   1   3136  2814  2813  3124  4895  3938  3935  4898
    2855   1   1   1   0   1   3129  3128  3116  3117  4718  4754  4757  4721
    2856   1   1   1   0   1   3128  3127  3115  3116  4754  4790  4793  4757
    2857   1   1   1   0   1   3127  3126  3114  3115  4790  4826  4829  4793
    2858   1   1   1   0   1   3126  3125  3113  3114  4826  4862  4865  4829
    2859   1   1   1   0   1   3125  3124  3112  3113  4862  4898  4901  4865
    2860   1   1   1   0   1   3124  2813  2812  3112  4898  3935  3932  4901
    2868   1   1   1   0   1   3117  3116    46    47  4721  4757  1305  1308
    2869   1   1   1   0   1   3116  3115    45    46  4757  4793  1302  1305
    2870   1   1   1   0   1   3115  3114    44    45  4793  4829  1299  1302
    2871   1   1   1   0   1   3114  3113    43    44  4829  4865  1296  1299
    2872   1   1   1   0   1   3113  3112    42    43  4865  4901  1293  1296
    2873   1   1   1   0   1   3112  2812    41    42  4901  3932  1290  1293
    2899   1   1   1   0   1   4868  3965  3962  4871  4869  3966  3963  4872
    2910   1   1   1   0   1   4799  4835  4838  4802  4800  4836  4839  4803
    2911   1   1   1   0   1   4835  4871  4874  4838  4836  4872  4875  4839
    2912   1   1   1   0   1   4871  3962  3959  4874  4872  3963  3960  4875
    2922   1   1   1   0   1   4766  4802  4805  4769  4767  4803  4806  4770
 
    ELEM MAT TYP REL ESY SEC        NODES
 
    2923   1   1   1   0   1   4802  4838  4841  4805  4803  4839  4842  4806
    2924   1   1   1   0   1   4838  4874  4877  4841  4839  4875  4878  4842
    2925   1   1   1   0   1   4874  3959  3956  4877  4875  3960  3957  4878
    2934   1   1   1   0   1   4733  4769  4772  4736  4734  4770  4773  4737
    2935   1   1   1   0   1   4769  4805  4808  4772  4770  4806  4809  4773
    2936   1   1   1   0   1   4805  4841  4844  4808  4806  4842  4845  4809
    2937   1   1   1   0   1   4841  4877  4880  4844  4842  4878  4881  4845
    2938   1   1   1   0   1   4877  3956  3953  4880  4878  3957  3954  4881
    2947   1   1   1   0   1   4736  4772  4775  4739  4737  4773  4776  4740
    2948   1   1   1   0   1   4772  4808  4811  4775  4773  4809  4812  4776
    2949   1   1   1   0   1   4808  4844  4847  4811  4809  4845  4848  4812
    2950   1   1   1   0   1   4844  4880  4883  4847  4845  4881  4884  4848
    2951   1   1   1   0   1   4880  3953  3950  4883  4881  3954  3951  4884
    2960   1   1   1   0   1   4739  4775  4778  4742  4740  4776  4779  4743
    2961   1   1   1   0   1   4775  4811  4814  4778  4776  4812  4815  4779
    2962   1   1   1   0   1   4811  4847  4850  4814  4812  4848  4851  4815
    2963   1   1   1   0   1   4847  4883  4886  4850  4848  4884  4887  4851
    2964   1   1   1   0   1   4883  3950  3947  4886  4884  3951  3948  4887
    2973   1   1   1   0   1   4742  4778  4781  4745  4743  4779  4782  4746
    2974   1   1   1   0   1   4778  4814  4817  4781  4779  4815  4818  4782
 
    ELEM MAT TYP REL ESY SEC        NODES
 
    2975   1   1   1   0   1   4814  4850  4853  4817  4815  4851  4854  4818
    2976   1   1   1   0   1   4850  4886  4889  4853  4851  4887  4890  4854
    2977   1   1   1   0   1   4886  3947  3944  4889  4887  3948  3945  4890
    2986   1   1   1   0   1   4745  4781  4784  4748  4746  4782  4785  4749
    2987   1   1   1   0   1   4781  4817  4820  4784  4782  4818  4821  4785
    2988   1   1   1   0   1   4817  4853  4856  4820  4818  4854  4857  4821
    2989   1   1   1   0   1   4853  4889  4892  4856  4854  4890  4893  4857
    2990   1   1   1   0   1   4889  3944  3941  4892  4890  3945  3942  4893
    2999   1   1   1   0   1   4748  4784  4787  4751  4749  4785  4788  4752
    3000   1   1   1   0   1   4784  4820  4823  4787  4785  4821  4824  4788
    3001   1   1   1   0   1   4820  4856  4859  4823  4821  4857  4860  4824
    3002   1   1   1   0   1   4856  4892  4895  4859  4857  4893  4896  4860
    3003   1   1   1   0   1   4892  3941  3938  4895  4893  3942  3939  4896
    3012   1   1   1   0   1   4751  4787  4790  4754  4752  4788  4791  4755
    3013   1   1   1   0   1   4787  4823  4826  4790  4788  4824  4827  4791
    3014   1   1   1   0   1   4823  4859  4862  4826  4824  4860  4863  4827
    3015   1   1   1   0   1   4859  4895  4898  4862  4860  4896  4899  4863
    3016   1   1   1   0   1   4895  3938  3935  4898  4896  3939  3936  4899
    3025   1   1   1   0   1   4754  4790  4793  4757  4755  4791  4794  4758
    3026   1   1   1   0   1   4790  4826  4829  4793  4791  4827  4830  4794
 
    ELEM MAT TYP REL ESY SEC        NODES
 
    3027   1   1   1   0   1   4826  4862  4865  4829  4827  4863  4866  4830
    3028   1   1   1   0   1   4862  4898  4901  4865  4863  4899  4902  4866
    3029   1   1   1   0   1   4898  3935  3932  4901  4899  3936  3933  4902
    3038   1   1   1   0   1   4757  4793  1302  1305  4758  4794  1303  1306
    3039   1   1   1   0   1   4793  4829  1299  1302  4794  4830  1300  1303
    3040   1   1   1   0   1   4829  4865  1296  1299  4830  4866  1297  1300
    3041   1   1   1   0   1   4865  4901  1293  1296  4866  4902  1294  1297
    3042   1   1   1   0   1   4901  3932  1290  1293  4902  3933  1291  1294
    3081   1   1   1   0   1   4872  3963  3960  4875  4873  3964  3961  4876
    3093   1   1   1   0   1   4839  4875  4878  4842  4840  4876  4879  4843
    3094   1   1   1   0   1   4875  3960  3957  4878  4876  3961  3958  4879
    3105   1   1   1   0   1   4806  4842  4845  4809  4807  4843  4846  4810
    3106   1   1   1   0   1   4842  4878  4881  4845  4843  4879  4882  4846
    3107   1   1   1   0   1   4878  3957  3954  4881  4879  3958  3955  4882
    3118   1   1   1   0   1   4809  4845  4848  4812  4810  4846  4849  4813
    3119   1   1   1   0   1   4845  4881  4884  4848  4846  4882  4885  4849
    3120   1   1   1   0   1   4881  3954  3951  4884  4882  3955  3952  4885
    3130   1   1   1   0   1   4776  4812  4815  4779  4777  4813  4816  4780
    3131   1   1   1   0   1   4812  4848  4851  4815  4813  4849  4852  4816
    3132   1   1   1   0   1   4848  4884  4887  4851  4849  4885  4888  4852
 
    ELEM MAT TYP REL ESY SEC        NODES
 
    3133   1   1   1   0   1   4884  3951  3948  4887  4885  3952  3949  4888
    3143   1   1   1   0   1   4779  4815  4818  4782  4780  4816  4819  4783
    3144   1   1   1   0   1   4815  4851  4854  4818  4816  4852  4855  4819
    3145   1   1   1   0   1   4851  4887  4890  4854  4852  4888  4891  4855
    3146   1   1   1   0   1   4887  3948  3945  4890  4888  3949  3946  4891
    3156   1   1   1   0   1   4782  4818  4821  4785  4783  4819  4822  4786
    3157   1   1   1   0   1   4818  4854  4857  4821  4819  4855  4858  4822
    3158   1   1   1   0   1   4854  4890  4893  4857  4855  4891  4894  4858
    3159   1   1   1   0   1   4890  3945  3942  4893  4891  3946  3943  4894
    3169   1   1   1   0   1   4785  4821  4824  4788  4786  4822  4825  4789
    3170   1   1   1   0   1   4821  4857  4860  4824  4822  4858  4861  4825
    3171   1   1   1   0   1   4857  4893  4896  4860  4858  4894  4897  4861
    3172   1   1   1   0   1   4893  3942  3939  4896  4894  3943  3940  4897
    3182   1   1   1   0   1   4788  4824  4827  4791  4789  4825  4828  4792
    3183   1   1   1   0   1   4824  4860  4863  4827  4825  4861  4864  4828
    3184   1   1   1   0   1   4860  4896  4899  4863  4861  4897  4900  4864
    3185   1   1   1   0   1   4896  3939  3936  4899  4897  3940  3937  4900
    3195   1   1   1   0   1   4791  4827  4830  4794  4792  4828  4831  4795
    3196   1   1   1   0   1   4827  4863  4866  4830  4828  4864  4867  4831
    3197   1   1   1   0   1   4863  4899  4902  4866  4864  4900  4903  4867
 
    ELEM MAT TYP REL ESY SEC        NODES
 
    3198   1   1   1   0   1   4899  3936  3933  4902  4900  3937  3934  4903
    3208   1   1   1   0   1   4794  4830  1300  1303  4795  4831  1301  1304
    3209   1   1   1   0   1   4830  4866  1297  1300  4831  4867  1298  1301
    3210   1   1   1   0   1   4866  4902  1294  1297  4867  4903  1295  1298
    3211   1   1   1   0   1   4902  3933  1291  1294  4903  3934  1292  1295
    3276   1   1   1   0   1   4879  3958  3955  4882  3479  3340  3339  3480
    3288   1   1   1   0   1   4846  4882  4885  4849  3468  3480  3481  3469
    3289   1   1   1   0   1   4882  3955  3952  4885  3480  3339  3338  3481
    3300   1   1   1   0   1   4813  4849  4852  4816  3457  3469  3470  3458
    3301   1   1   1   0   1   4849  4885  4888  4852  3469  3481  3482  3470
    3302   1   1   1   0   1   4885  3952  3949  4888  3481  3338  3337  3482
    3313   1   1   1   0   1   4816  4852  4855  4819  3458  3470  3471  3459
    3314   1   1   1   0   1   4852  4888  4891  4855  3470  3482  3483  3471
    3315   1   1   1   0   1   4888  3949  3946  4891  3482  3337  3336  3483
    3326   1   1   1   0   1   4819  4855  4858  4822  3459  3471  3472  3460
    3327   1   1   1   0   1   4855  4891  4894  4858  3471  3483  3484  3472
    3328   1   1   1   0   1   4891  3946  3943  4894  3483  3336  3335  3484
    3339   1   1   1   0   1   4822  4858  4861  4825  3460  3472  3473  3461
    3340   1   1   1   0   1   4858  4894  4897  4861  3472  3484  3485  3473
    3341   1   1   1   0   1   4894  3943  3940  4897  3484  3335  3334  3485
 
    ELEM MAT TYP REL ESY SEC        NODES
 
    3352   1   1   1   0   1   4825  4861  4864  4828  3461  3473  3474  3462
    3353   1   1   1   0   1   4861  4897  4900  4864  3473  3485  3486  3474
    3354   1   1   1   0   1   4897  3940  3937  4900  3485  3334  3333  3486
    3365   1   1   1   0   1   4828  4864  4867  4831  3462  3474  3475  3463
    3366   1   1   1   0   1   4864  4900  4903  4867  3474  3486  3487  3475
    3367   1   1   1   0   1   4900  3937  3934  4903  3486  3333  3332  3487
    3378   1   1   1   0   1   4831  4867  1298  1301  3463  3475   564   565
    3379   1   1   1   0   1   4867  4903  1295  1298  3475  3487   563   564
    3380   1   1   1   0   1   4903  3934  1292  1295  3487  3332   562   563
    3393   1   1   1   0   1   2799  2787  2811  3100  4037  3929  4001  5300

