
 LIST ALL SELECTED NODES.   DSYS=      0

    NODE        X            Y            Z          THXY     THYZ     THZX
        1   18.278       0.0000       0.0000         0.00     0.00     0.00
        2   0.0000       0.0000       18.278         0.00     0.00     0.00
        3   18.256       0.0000      0.89686         0.00     0.00     0.00
        4   18.190       0.0000       1.7916         0.00     0.00     0.00
        5   18.080       0.0000       2.6819         0.00     0.00     0.00
        6   17.927       0.0000       3.5659         0.00     0.00     0.00
        7   17.730       0.0000       4.4412         0.00     0.00     0.00
        8   17.491       0.0000       5.3058         0.00     0.00     0.00
        9   17.210       0.0000       6.1577         0.00     0.00     0.00
       10   16.887       0.0000       6.9947         0.00     0.00     0.00
       11   16.523       0.0000       7.8149         0.00     0.00     0.00
       12   16.120       0.0000       8.6162         0.00     0.00     0.00
       13   15.678       0.0000       9.3968         0.00     0.00     0.00
       14   15.198       0.0000       10.155         0.00     0.00     0.00
       15   14.681       0.0000       10.888         0.00     0.00     0.00
       16   14.129       0.0000       11.595         0.00     0.00     0.00
       17   13.543       0.0000       12.275         0.00     0.00     0.00
       18   12.924       0.0000       12.924         0.00     0.00     0.00
       19   12.275       0.0000       13.543         0.00     0.00     0.00
       20   11.595       0.0000       14.129         0.00     0.00     0.00

    NODE        X            Y            Z          THXY     THYZ     THZX
       21   10.888       0.0000       14.681         0.00     0.00     0.00
       22   10.155       0.0000       15.198         0.00     0.00     0.00
       23   9.3968       0.0000       15.678         0.00     0.00     0.00
       24   8.6162       0.0000       16.120         0.00     0.00     0.00
       25   7.8149       0.0000       16.523         0.00     0.00     0.00
       26   6.9947       0.0000       16.887         0.00     0.00     0.00
       27   6.1577       0.0000       17.210         0.00     0.00     0.00
       28   5.3058       0.0000       17.491         0.00     0.00     0.00
       29   4.4412       0.0000       17.730         0.00     0.00     0.00
       30   3.5659       0.0000       17.927         0.00     0.00     0.00
       31   2.6819       0.0000       18.080         0.00     0.00     0.00
       32   1.7916       0.0000       18.190         0.00     0.00     0.00
       33  0.89686       0.0000       18.256         0.00     0.00     0.00
     1635   19.978       0.0000       0.0000         0.00     0.00     0.00
     1636   21.678       0.0000       0.0000         0.00     0.00     0.00
     1637   23.378       0.0000       0.0000         0.00     0.00     0.00
     1638   25.078       0.0000       0.0000         0.00     0.00     0.00
     1639   0.0000       0.0000       19.978         0.00     0.00     0.00
     1640   0.0000       0.0000       21.678         0.00     0.00     0.00
     1641   0.0000       0.0000       23.378         0.00     0.00     0.00

    NODE        X            Y            Z          THXY     THYZ     THZX
     1642   0.0000       0.0000       25.078         0.00     0.00     0.00
     1643   25.048       0.0000       1.2305         0.00     0.00     0.00
     1644   24.957       0.0000       2.4581         0.00     0.00     0.00
     1645   24.807       0.0000       3.6797         0.00     0.00     0.00
     1646   24.596       0.0000       4.8925         0.00     0.00     0.00
     1647   24.326       0.0000       6.0935         0.00     0.00     0.00
     1648   23.998       0.0000       7.2798         0.00     0.00     0.00
     1649   23.612       0.0000       8.4485         0.00     0.00     0.00
     1650   23.169       0.0000       9.5969         0.00     0.00     0.00
     1651   22.670       0.0000       10.722         0.00     0.00     0.00
     1652   22.117       0.0000       11.822         0.00     0.00     0.00
     1653   21.510       0.0000       12.893         0.00     0.00     0.00
     1654   20.852       0.0000       13.933         0.00     0.00     0.00
     1655   20.143       0.0000       14.939         0.00     0.00     0.00
     1656   19.386       0.0000       15.909         0.00     0.00     0.00
     1657   18.582       0.0000       16.841         0.00     0.00     0.00
     1658   17.733       0.0000       17.733         0.00     0.00     0.00
     1659   16.841       0.0000       18.582         0.00     0.00     0.00
     1660   15.909       0.0000       19.386         0.00     0.00     0.00
     1661   14.939       0.0000       20.143         0.00     0.00     0.00

    NODE        X            Y            Z          THXY     THYZ     THZX
     1662   13.933       0.0000       20.852         0.00     0.00     0.00
     1663   12.893       0.0000       21.510         0.00     0.00     0.00
     1664   11.822       0.0000       22.117         0.00     0.00     0.00
     1665   10.722       0.0000       22.670         0.00     0.00     0.00
     1666   9.5969       0.0000       23.169         0.00     0.00     0.00
     1667   8.4485       0.0000       23.612         0.00     0.00     0.00
     1668   7.2798       0.0000       23.998         0.00     0.00     0.00
     1669   6.0935       0.0000       24.326         0.00     0.00     0.00
     1670   4.8925       0.0000       24.596         0.00     0.00     0.00
     1671   3.6797       0.0000       24.807         0.00     0.00     0.00
     1672   2.4581       0.0000       24.957         0.00     0.00     0.00
     1673   1.2305       0.0000       25.048         0.00     0.00     0.00
     1674   23.350       0.0000       1.1471         0.00     0.00     0.00
     1675   23.265       0.0000       2.2914         0.00     0.00     0.00
     1676   23.125       0.0000       3.4303         0.00     0.00     0.00
     1677   22.929       0.0000       4.5608         0.00     0.00     0.00
     1678   22.677       0.0000       5.6804         0.00     0.00     0.00
     1679   22.371       0.0000       6.7863         0.00     0.00     0.00
     1680   22.011       0.0000       7.8758         0.00     0.00     0.00
     1681   21.598       0.0000       8.9464         0.00     0.00     0.00

    NODE        X            Y            Z          THXY     THYZ     THZX
     1682   21.133       0.0000       9.9954         0.00     0.00     0.00
     1683   20.618       0.0000       11.020         0.00     0.00     0.00
     1684   20.052       0.0000       12.019         0.00     0.00     0.00
     1685   19.438       0.0000       12.988         0.00     0.00     0.00
     1686   18.777       0.0000       13.926         0.00     0.00     0.00
     1687   18.071       0.0000       14.831         0.00     0.00     0.00
     1688   17.322       0.0000       15.700         0.00     0.00     0.00
     1689   16.531       0.0000       16.531         0.00     0.00     0.00
     1690   15.700       0.0000       17.322         0.00     0.00     0.00
     1691   14.831       0.0000       18.071         0.00     0.00     0.00
     1692   13.926       0.0000       18.777         0.00     0.00     0.00
     1693   12.988       0.0000       19.438         0.00     0.00     0.00
     1694   12.019       0.0000       20.052         0.00     0.00     0.00
     1695   11.020       0.0000       20.618         0.00     0.00     0.00
     1696   9.9954       0.0000       21.133         0.00     0.00     0.00
     1697   8.9464       0.0000       21.598         0.00     0.00     0.00
     1698   7.8758       0.0000       22.011         0.00     0.00     0.00
     1699   6.7863       0.0000       22.371         0.00     0.00     0.00
     1700   5.6804       0.0000       22.677         0.00     0.00     0.00
     1701   4.5608       0.0000       22.929         0.00     0.00     0.00

    NODE        X            Y            Z          THXY     THYZ     THZX
     1702   3.4303       0.0000       23.125         0.00     0.00     0.00
     1703   2.2914       0.0000       23.265         0.00     0.00     0.00
     1704   1.1471       0.0000       23.350         0.00     0.00     0.00
     1705   21.652       0.0000       1.0637         0.00     0.00     0.00
     1706   21.574       0.0000       2.1248         0.00     0.00     0.00
     1707   21.443       0.0000       3.1808         0.00     0.00     0.00
     1708   21.261       0.0000       4.2292         0.00     0.00     0.00
     1709   21.028       0.0000       5.2673         0.00     0.00     0.00
     1710   20.745       0.0000       6.2928         0.00     0.00     0.00
     1711   20.411       0.0000       7.3031         0.00     0.00     0.00
     1712   20.028       0.0000       8.2958         0.00     0.00     0.00
     1713   19.597       0.0000       9.2685         0.00     0.00     0.00
     1714   19.118       0.0000       10.219         0.00     0.00     0.00
     1715   18.594       0.0000       11.145         0.00     0.00     0.00
     1716   18.025       0.0000       12.044         0.00     0.00     0.00
     1717   17.412       0.0000       12.914         0.00     0.00     0.00
     1718   16.757       0.0000       13.752         0.00     0.00     0.00
     1719   16.062       0.0000       14.558         0.00     0.00     0.00
     1720   15.329       0.0000       15.329         0.00     0.00     0.00
     1721   14.558       0.0000       16.062         0.00     0.00     0.00

    NODE        X            Y            Z          THXY     THYZ     THZX
     1722   13.752       0.0000       16.757         0.00     0.00     0.00
     1723   12.914       0.0000       17.412         0.00     0.00     0.00
     1724   12.044       0.0000       18.025         0.00     0.00     0.00
     1725   11.145       0.0000       18.594         0.00     0.00     0.00
     1726   10.219       0.0000       19.118         0.00     0.00     0.00
     1727   9.2685       0.0000       19.597         0.00     0.00     0.00
     1728   8.2958       0.0000       20.028         0.00     0.00     0.00
     1729   7.3031       0.0000       20.411         0.00     0.00     0.00
     1730   6.2928       0.0000       20.745         0.00     0.00     0.00
     1731   5.2673       0.0000       21.028         0.00     0.00     0.00
     1732   4.2292       0.0000       21.261         0.00     0.00     0.00
     1733   3.1808       0.0000       21.443         0.00     0.00     0.00
     1734   2.1248       0.0000       21.574         0.00     0.00     0.00
     1735   1.0637       0.0000       21.652         0.00     0.00     0.00
     1736   19.954       0.0000      0.98027         0.00     0.00     0.00
     1737   19.882       0.0000       1.9582         0.00     0.00     0.00
     1738   19.762       0.0000       2.9314         0.00     0.00     0.00
     1739   19.594       0.0000       3.8975         0.00     0.00     0.00
     1740   19.379       0.0000       4.8543         0.00     0.00     0.00
     1741   19.118       0.0000       5.7993         0.00     0.00     0.00

    NODE        X            Y            Z          THXY     THYZ     THZX
     1742   18.810       0.0000       6.7304         0.00     0.00     0.00
     1743   18.457       0.0000       7.6452         0.00     0.00     0.00
     1744   18.060       0.0000       8.5417         0.00     0.00     0.00
     1745   17.619       0.0000       9.4176         0.00     0.00     0.00
     1746   17.136       0.0000       10.271         0.00     0.00     0.00
     1747   16.611       0.0000       11.099         0.00     0.00     0.00
     1748   16.046       0.0000       11.901         0.00     0.00     0.00
     1749   15.443       0.0000       12.674         0.00     0.00     0.00
     1750   14.803       0.0000       13.416         0.00     0.00     0.00
     1751   14.127       0.0000       14.127         0.00     0.00     0.00
     1752   13.416       0.0000       14.803         0.00     0.00     0.00
     1753   12.674       0.0000       15.443         0.00     0.00     0.00
     1754   11.901       0.0000       16.046         0.00     0.00     0.00
     1755   11.099       0.0000       16.611         0.00     0.00     0.00
     1756   10.271       0.0000       17.136         0.00     0.00     0.00
     1757   9.4176       0.0000       17.619         0.00     0.00     0.00
     1758   8.5417       0.0000       18.060         0.00     0.00     0.00
     1759   7.6452       0.0000       18.457         0.00     0.00     0.00
     1760   6.7304       0.0000       18.810         0.00     0.00     0.00
     1761   5.7993       0.0000       19.118         0.00     0.00     0.00

    NODE        X            Y            Z          THXY     THYZ     THZX
     1762   4.8543       0.0000       19.379         0.00     0.00     0.00
     1763   3.8975       0.0000       19.594         0.00     0.00     0.00
     1764   2.9314       0.0000       19.762         0.00     0.00     0.00
     1765   1.9582       0.0000       19.882         0.00     0.00     0.00
     1766  0.98027       0.0000       19.954         0.00     0.00     0.00
     4903  -18.278       0.0000       0.0000         0.00     0.00     0.00
     4904 -0.89686       0.0000       18.256         0.00     0.00     0.00
     4905  -1.7916       0.0000       18.190         0.00     0.00     0.00
     4906  -2.6819       0.0000       18.080         0.00     0.00     0.00
     4907  -3.5659       0.0000       17.927         0.00     0.00     0.00
     4908  -4.4412       0.0000       17.730         0.00     0.00     0.00
     4909  -5.3058       0.0000       17.491         0.00     0.00     0.00
     4910  -6.1577       0.0000       17.210         0.00     0.00     0.00
     4911  -6.9947       0.0000       16.887         0.00     0.00     0.00
     4912  -7.8149       0.0000       16.523         0.00     0.00     0.00
     4913  -8.6162       0.0000       16.120         0.00     0.00     0.00
     4914  -9.3968       0.0000       15.678         0.00     0.00     0.00
     4915  -10.155       0.0000       15.198         0.00     0.00     0.00
     4916  -10.888       0.0000       14.681         0.00     0.00     0.00
     4917  -11.595       0.0000       14.129         0.00     0.00     0.00

    NODE        X            Y            Z          THXY     THYZ     THZX
     4918  -12.275       0.0000       13.543         0.00     0.00     0.00
     4919  -12.924       0.0000       12.924         0.00     0.00     0.00
     4920  -13.543       0.0000       12.275         0.00     0.00     0.00
     4921  -14.129       0.0000       11.595         0.00     0.00     0.00
     4922  -14.681       0.0000       10.888         0.00     0.00     0.00
     4923  -15.198       0.0000       10.155         0.00     0.00     0.00
     4924  -15.678       0.0000       9.3968         0.00     0.00     0.00
     4925  -16.120       0.0000       8.6162         0.00     0.00     0.00
     4926  -16.523       0.0000       7.8149         0.00     0.00     0.00
     4927  -16.887       0.0000       6.9947         0.00     0.00     0.00
     4928  -17.210       0.0000       6.1577         0.00     0.00     0.00
     4929  -17.491       0.0000       5.3058         0.00     0.00     0.00
     4930  -17.730       0.0000       4.4412         0.00     0.00     0.00
     4931  -17.927       0.0000       3.5659         0.00     0.00     0.00
     4932  -18.080       0.0000       2.6819         0.00     0.00     0.00
     4933  -18.190       0.0000       1.7916         0.00     0.00     0.00
     4934  -18.256       0.0000      0.89686         0.00     0.00     0.00
     6471  -19.978       0.0000       0.0000         0.00     0.00     0.00
     6472  -21.678       0.0000       0.0000         0.00     0.00     0.00
     6473  -23.378       0.0000       0.0000         0.00     0.00     0.00

    NODE        X            Y            Z          THXY     THYZ     THZX
     6474  -25.078       0.0000       0.0000         0.00     0.00     0.00
     6475  -1.2305       0.0000       25.048         0.00     0.00     0.00
     6476  -2.4581       0.0000       24.957         0.00     0.00     0.00
     6477  -3.6797       0.0000       24.807         0.00     0.00     0.00
     6478  -4.8925       0.0000       24.596         0.00     0.00     0.00
     6479  -6.0935       0.0000       24.326         0.00     0.00     0.00
     6480  -7.2798       0.0000       23.998         0.00     0.00     0.00
     6481  -8.4485       0.0000       23.612         0.00     0.00     0.00
     6482  -9.5969       0.0000       23.169         0.00     0.00     0.00
     6483  -10.722       0.0000       22.670         0.00     0.00     0.00
     6484  -11.822       0.0000       22.117         0.00     0.00     0.00
     6485  -12.893       0.0000       21.510         0.00     0.00     0.00
     6486  -13.933       0.0000       20.852         0.00     0.00     0.00
     6487  -14.939       0.0000       20.143         0.00     0.00     0.00
     6488  -15.909       0.0000       19.386         0.00     0.00     0.00
     6489  -16.841       0.0000       18.582         0.00     0.00     0.00
     6490  -17.733       0.0000       17.733         0.00     0.00     0.00
     6491  -18.582       0.0000       16.841         0.00     0.00     0.00
     6492  -19.386       0.0000       15.909         0.00     0.00     0.00
     6493  -20.143       0.0000       14.939         0.00     0.00     0.00

    NODE        X            Y            Z          THXY     THYZ     THZX
     6494  -20.852       0.0000       13.933         0.00     0.00     0.00
     6495  -21.510       0.0000       12.893         0.00     0.00     0.00
     6496  -22.117       0.0000       11.822         0.00     0.00     0.00
     6497  -22.670       0.0000       10.722         0.00     0.00     0.00
     6498  -23.169       0.0000       9.5969         0.00     0.00     0.00
     6499  -23.612       0.0000       8.4485         0.00     0.00     0.00
     6500  -23.998       0.0000       7.2798         0.00     0.00     0.00
     6501  -24.326       0.0000       6.0935         0.00     0.00     0.00
     6502  -24.596       0.0000       4.8925         0.00     0.00     0.00
     6503  -24.807       0.0000       3.6797         0.00     0.00     0.00
     6504  -24.957       0.0000       2.4581         0.00     0.00     0.00
     6505  -25.048       0.0000       1.2305         0.00     0.00     0.00
     6506  -1.1471       0.0000       23.350         0.00     0.00     0.00
     6507  -2.2914       0.0000       23.265         0.00     0.00     0.00
     6508  -3.4303       0.0000       23.125         0.00     0.00     0.00
     6509  -4.5608       0.0000       22.929         0.00     0.00     0.00
     6510  -5.6804       0.0000       22.677         0.00     0.00     0.00
     6511  -6.7863       0.0000       22.371         0.00     0.00     0.00
     6512  -7.8758       0.0000       22.011         0.00     0.00     0.00
     6513  -8.9464       0.0000       21.598         0.00     0.00     0.00

    NODE        X            Y            Z          THXY     THYZ     THZX
     6514  -9.9954       0.0000       21.133         0.00     0.00     0.00
     6515  -11.020       0.0000       20.618         0.00     0.00     0.00
     6516  -12.019       0.0000       20.052         0.00     0.00     0.00
     6517  -12.988       0.0000       19.438         0.00     0.00     0.00
     6518  -13.926       0.0000       18.777         0.00     0.00     0.00
     6519  -14.831       0.0000       18.071         0.00     0.00     0.00
     6520  -15.700       0.0000       17.322         0.00     0.00     0.00
     6521  -16.531       0.0000       16.531         0.00     0.00     0.00
     6522  -17.322       0.0000       15.700         0.00     0.00     0.00
     6523  -18.071       0.0000       14.831         0.00     0.00     0.00
     6524  -18.777       0.0000       13.926         0.00     0.00     0.00
     6525  -19.438       0.0000       12.988         0.00     0.00     0.00
     6526  -20.052       0.0000       12.019         0.00     0.00     0.00
     6527  -20.618       0.0000       11.020         0.00     0.00     0.00
     6528  -21.133       0.0000       9.9954         0.00     0.00     0.00
     6529  -21.598       0.0000       8.9464         0.00     0.00     0.00
     6530  -22.011       0.0000       7.8758         0.00     0.00     0.00
     6531  -22.371       0.0000       6.7863         0.00     0.00     0.00
     6532  -22.677       0.0000       5.6804         0.00     0.00     0.00
     6533  -22.929       0.0000       4.5608         0.00     0.00     0.00

    NODE        X            Y            Z          THXY     THYZ     THZX
     6534  -23.125       0.0000       3.4303         0.00     0.00     0.00
     6535  -23.265       0.0000       2.2914         0.00     0.00     0.00
     6536  -23.350       0.0000       1.1471         0.00     0.00     0.00
     6537  -1.0637       0.0000       21.652         0.00     0.00     0.00
     6538  -2.1248       0.0000       21.574         0.00     0.00     0.00
     6539  -3.1808       0.0000       21.443         0.00     0.00     0.00
     6540  -4.2292       0.0000       21.261         0.00     0.00     0.00
     6541  -5.2673       0.0000       21.028         0.00     0.00     0.00
     6542  -6.2928       0.0000       20.745         0.00     0.00     0.00
     6543  -7.3031       0.0000       20.411         0.00     0.00     0.00
     6544  -8.2958       0.0000       20.028         0.00     0.00     0.00
     6545  -9.2685       0.0000       19.597         0.00     0.00     0.00
     6546  -10.219       0.0000       19.118         0.00     0.00     0.00
     6547  -11.145       0.0000       18.594         0.00     0.00     0.00
     6548  -12.044       0.0000       18.025         0.00     0.00     0.00
     6549  -12.914       0.0000       17.412         0.00     0.00     0.00
     6550  -13.752       0.0000       16.757         0.00     0.00     0.00
     6551  -14.558       0.0000       16.062         0.00     0.00     0.00
     6552  -15.329       0.0000       15.329         0.00     0.00     0.00
     6553  -16.062       0.0000       14.558         0.00     0.00     0.00

    NODE        X            Y            Z          THXY     THYZ     THZX
     6554  -16.757       0.0000       13.752         0.00     0.00     0.00
     6555  -17.412       0.0000       12.914         0.00     0.00     0.00
     6556  -18.025       0.0000       12.044         0.00     0.00     0.00
     6557  -18.594       0.0000       11.145         0.00     0.00     0.00
     6558  -19.118       0.0000       10.219         0.00     0.00     0.00
     6559  -19.597       0.0000       9.2685         0.00     0.00     0.00
     6560  -20.028       0.0000       8.2958         0.00     0.00     0.00
     6561  -20.411       0.0000       7.3031         0.00     0.00     0.00
     6562  -20.745       0.0000       6.2928         0.00     0.00     0.00
     6563  -21.028       0.0000       5.2673         0.00     0.00     0.00
     6564  -21.261       0.0000       4.2292         0.00     0.00     0.00
     6565  -21.443       0.0000       3.1808         0.00     0.00     0.00
     6566  -21.574       0.0000       2.1248         0.00     0.00     0.00
     6567  -21.652       0.0000       1.0637         0.00     0.00     0.00
     6568 -0.98027       0.0000       19.954         0.00     0.00     0.00
     6569  -1.9582       0.0000       19.882         0.00     0.00     0.00
     6570  -2.9314       0.0000       19.762         0.00     0.00     0.00
     6571  -3.8975       0.0000       19.594         0.00     0.00     0.00
     6572  -4.8543       0.0000       19.379         0.00     0.00     0.00
     6573  -5.7993       0.0000       19.118         0.00     0.00     0.00

    NODE        X            Y            Z          THXY     THYZ     THZX
     6574  -6.7304       0.0000       18.810         0.00     0.00     0.00
     6575  -7.6452       0.0000       18.457         0.00     0.00     0.00
     6576  -8.5417       0.0000       18.060         0.00     0.00     0.00
     6577  -9.4176       0.0000       17.619         0.00     0.00     0.00
     6578  -10.271       0.0000       17.136         0.00     0.00     0.00
     6579  -11.099       0.0000       16.611         0.00     0.00     0.00
     6580  -11.901       0.0000       16.046         0.00     0.00     0.00
     6581  -12.674       0.0000       15.443         0.00     0.00     0.00
     6582  -13.416       0.0000       14.803         0.00     0.00     0.00
     6583  -14.127       0.0000       14.127         0.00     0.00     0.00
     6584  -14.803       0.0000       13.416         0.00     0.00     0.00
     6585  -15.443       0.0000       12.674         0.00     0.00     0.00
     6586  -16.046       0.0000       11.901         0.00     0.00     0.00
     6587  -16.611       0.0000       11.099         0.00     0.00     0.00
     6588  -17.136       0.0000       10.271         0.00     0.00     0.00
     6589  -17.619       0.0000       9.4176         0.00     0.00     0.00
     6590  -18.060       0.0000       8.5417         0.00     0.00     0.00
     6591  -18.457       0.0000       7.6452         0.00     0.00     0.00
     6592  -18.810       0.0000       6.7304         0.00     0.00     0.00
     6593  -19.118       0.0000       5.7993         0.00     0.00     0.00

    NODE        X            Y            Z          THXY     THYZ     THZX
     6594  -19.379       0.0000       4.8543         0.00     0.00     0.00
     6595  -19.594       0.0000       3.8975         0.00     0.00     0.00
     6596  -19.762       0.0000       2.9314         0.00     0.00     0.00
     6597  -19.882       0.0000       1.9582         0.00     0.00     0.00
     6598  -19.954       0.0000      0.98027         0.00     0.00     0.00
     9607   0.0000       0.0000      -18.278         0.00     0.00     0.00
     9608  -18.256       0.0000     -0.89686         0.00     0.00     0.00
     9609  -18.190       0.0000      -1.7916         0.00     0.00     0.00
     9610  -18.080       0.0000      -2.6819         0.00     0.00     0.00
     9611  -17.927       0.0000      -3.5659         0.00     0.00     0.00
     9612  -17.730       0.0000      -4.4412         0.00     0.00     0.00
     9613  -17.491       0.0000      -5.3058         0.00     0.00     0.00
     9614  -17.210       0.0000      -6.1577         0.00     0.00     0.00
     9615  -16.887       0.0000      -6.9947         0.00     0.00     0.00
     9616  -16.523       0.0000      -7.8149         0.00     0.00     0.00
     9617  -16.120       0.0000      -8.6162         0.00     0.00     0.00
     9618  -15.678       0.0000      -9.3968         0.00     0.00     0.00
     9619  -15.198       0.0000      -10.155         0.00     0.00     0.00
     9620  -14.681       0.0000      -10.888         0.00     0.00     0.00
     9621  -14.129       0.0000      -11.595         0.00     0.00     0.00

    NODE        X            Y            Z          THXY     THYZ     THZX
     9622  -13.543       0.0000      -12.275         0.00     0.00     0.00
     9623  -12.924       0.0000      -12.924         0.00     0.00     0.00
     9624  -12.275       0.0000      -13.543         0.00     0.00     0.00
     9625  -11.595       0.0000      -14.129         0.00     0.00     0.00
     9626  -10.888       0.0000      -14.681         0.00     0.00     0.00
     9627  -10.155       0.0000      -15.198         0.00     0.00     0.00
     9628  -9.3968       0.0000      -15.678         0.00     0.00     0.00
     9629  -8.6162       0.0000      -16.120         0.00     0.00     0.00
     9630  -7.8149       0.0000      -16.523         0.00     0.00     0.00
     9631  -6.9947       0.0000      -16.887         0.00     0.00     0.00
     9632  -6.1577       0.0000      -17.210         0.00     0.00     0.00
     9633  -5.3058       0.0000      -17.491         0.00     0.00     0.00
     9634  -4.4412       0.0000      -17.730         0.00     0.00     0.00
     9635  -3.5659       0.0000      -17.927         0.00     0.00     0.00
     9636  -2.6819       0.0000      -18.080         0.00     0.00     0.00
     9637  -1.7916       0.0000      -18.190         0.00     0.00     0.00
     9638 -0.89686       0.0000      -18.256         0.00     0.00     0.00
    11175   0.0000       0.0000      -19.978         0.00     0.00     0.00
    11176   0.0000       0.0000      -21.678         0.00     0.00     0.00
    11177   0.0000       0.0000      -23.378         0.00     0.00     0.00

    NODE        X            Y            Z          THXY     THYZ     THZX
    11178   0.0000       0.0000      -25.078         0.00     0.00     0.00
    11179  -25.048       0.0000      -1.2305         0.00     0.00     0.00
    11180  -24.957       0.0000      -2.4581         0.00     0.00     0.00
    11181  -24.807       0.0000      -3.6797         0.00     0.00     0.00
    11182  -24.596       0.0000      -4.8925         0.00     0.00     0.00
    11183  -24.326       0.0000      -6.0935         0.00     0.00     0.00
    11184  -23.998       0.0000      -7.2798         0.00     0.00     0.00
    11185  -23.612       0.0000      -8.4485         0.00     0.00     0.00
    11186  -23.169       0.0000      -9.5969         0.00     0.00     0.00
    11187  -22.670       0.0000      -10.722         0.00     0.00     0.00
    11188  -22.117       0.0000      -11.822         0.00     0.00     0.00
    11189  -21.510       0.0000      -12.893         0.00     0.00     0.00
    11190  -20.852       0.0000      -13.933         0.00     0.00     0.00
    11191  -20.143       0.0000      -14.939         0.00     0.00     0.00
    11192  -19.386       0.0000      -15.909         0.00     0.00     0.00
    11193  -18.582       0.0000      -16.841         0.00     0.00     0.00
    11194  -17.733       0.0000      -17.733         0.00     0.00     0.00
    11195  -16.841       0.0000      -18.582         0.00     0.00     0.00
    11196  -15.909       0.0000      -19.386         0.00     0.00     0.00
    11197  -14.939       0.0000      -20.143         0.00     0.00     0.00

    NODE        X            Y            Z          THXY     THYZ     THZX
    11198  -13.933       0.0000      -20.852         0.00     0.00     0.00
    11199  -12.893       0.0000      -21.510         0.00     0.00     0.00
    11200  -11.822       0.0000      -22.117         0.00     0.00     0.00
    11201  -10.722       0.0000      -22.670         0.00     0.00     0.00
    11202  -9.5969       0.0000      -23.169         0.00     0.00     0.00
    11203  -8.4485       0.0000      -23.612         0.00     0.00     0.00
    11204  -7.2798       0.0000      -23.998         0.00     0.00     0.00
    11205  -6.0935       0.0000      -24.326         0.00     0.00     0.00
    11206  -4.8925       0.0000      -24.596         0.00     0.00     0.00
    11207  -3.6797       0.0000      -24.807         0.00     0.00     0.00
    11208  -2.4581       0.0000      -24.957         0.00     0.00     0.00
    11209  -1.2305       0.0000      -25.048         0.00     0.00     0.00
    11210  -23.350       0.0000      -1.1471         0.00     0.00     0.00
    11211  -23.265       0.0000      -2.2914         0.00     0.00     0.00
    11212  -23.125       0.0000      -3.4303         0.00     0.00     0.00
    11213  -22.929       0.0000      -4.5608         0.00     0.00     0.00
    11214  -22.677       0.0000      -5.6804         0.00     0.00     0.00
    11215  -22.371       0.0000      -6.7863         0.00     0.00     0.00
    11216  -22.011       0.0000      -7.8758         0.00     0.00     0.00
    11217  -21.598       0.0000      -8.9464         0.00     0.00     0.00

    NODE        X            Y            Z          THXY     THYZ     THZX
    11218  -21.133       0.0000      -9.9954         0.00     0.00     0.00
    11219  -20.618       0.0000      -11.020         0.00     0.00     0.00
    11220  -20.052       0.0000      -12.019         0.00     0.00     0.00
    11221  -19.438       0.0000      -12.988         0.00     0.00     0.00
    11222  -18.777       0.0000      -13.926         0.00     0.00     0.00
    11223  -18.071       0.0000      -14.831         0.00     0.00     0.00
    11224  -17.322       0.0000      -15.700         0.00     0.00     0.00
    11225  -16.531       0.0000      -16.531         0.00     0.00     0.00
    11226  -15.700       0.0000      -17.322         0.00     0.00     0.00
    11227  -14.831       0.0000      -18.071         0.00     0.00     0.00
    11228  -13.926       0.0000      -18.777         0.00     0.00     0.00
    11229  -12.988       0.0000      -19.438         0.00     0.00     0.00
    11230  -12.019       0.0000      -20.052         0.00     0.00     0.00
    11231  -11.020       0.0000      -20.618         0.00     0.00     0.00
    11232  -9.9954       0.0000      -21.133         0.00     0.00     0.00
    11233  -8.9464       0.0000      -21.598         0.00     0.00     0.00
    11234  -7.8758       0.0000      -22.011         0.00     0.00     0.00
    11235  -6.7863       0.0000      -22.371         0.00     0.00     0.00
    11236  -5.6804       0.0000      -22.677         0.00     0.00     0.00
    11237  -4.5608       0.0000      -22.929         0.00     0.00     0.00

    NODE        X            Y            Z          THXY     THYZ     THZX
    11238  -3.4303       0.0000      -23.125         0.00     0.00     0.00
    11239  -2.2914       0.0000      -23.265         0.00     0.00     0.00
    11240  -1.1471       0.0000      -23.350         0.00     0.00     0.00
    11241  -21.652       0.0000      -1.0637         0.00     0.00     0.00
    11242  -21.574       0.0000      -2.1248         0.00     0.00     0.00
    11243  -21.443       0.0000      -3.1808         0.00     0.00     0.00
    11244  -21.261       0.0000      -4.2292         0.00     0.00     0.00
    11245  -21.028       0.0000      -5.2673         0.00     0.00     0.00
    11246  -20.745       0.0000      -6.2928         0.00     0.00     0.00
    11247  -20.411       0.0000      -7.3031         0.00     0.00     0.00
    11248  -20.028       0.0000      -8.2958         0.00     0.00     0.00
    11249  -19.597       0.0000      -9.2685         0.00     0.00     0.00
    11250  -19.118       0.0000      -10.219         0.00     0.00     0.00
    11251  -18.594       0.0000      -11.145         0.00     0.00     0.00
    11252  -18.025       0.0000      -12.044         0.00     0.00     0.00
    11253  -17.412       0.0000      -12.914         0.00     0.00     0.00
    11254  -16.757       0.0000      -13.752         0.00     0.00     0.00
    11255  -16.062       0.0000      -14.558         0.00     0.00     0.00
    11256  -15.329       0.0000      -15.329         0.00     0.00     0.00
    11257  -14.558       0.0000      -16.062         0.00     0.00     0.00

    NODE        X            Y            Z          THXY     THYZ     THZX
    11258  -13.752       0.0000      -16.757         0.00     0.00     0.00
    11259  -12.914       0.0000      -17.412         0.00     0.00     0.00
    11260  -12.044       0.0000      -18.025         0.00     0.00     0.00
    11261  -11.145       0.0000      -18.594         0.00     0.00     0.00
    11262  -10.219       0.0000      -19.118         0.00     0.00     0.00
    11263  -9.2685       0.0000      -19.597         0.00     0.00     0.00
    11264  -8.2958       0.0000      -20.028         0.00     0.00     0.00
    11265  -7.3031       0.0000      -20.411         0.00     0.00     0.00
    11266  -6.2928       0.0000      -20.745         0.00     0.00     0.00
    11267  -5.2673       0.0000      -21.028         0.00     0.00     0.00
    11268  -4.2292       0.0000      -21.261         0.00     0.00     0.00
    11269  -3.1808       0.0000      -21.443         0.00     0.00     0.00
    11270  -2.1248       0.0000      -21.574         0.00     0.00     0.00
    11271  -1.0637       0.0000      -21.652         0.00     0.00     0.00
    11272  -19.954       0.0000     -0.98027         0.00     0.00     0.00
    11273  -19.882       0.0000      -1.9582         0.00     0.00     0.00
    11274  -19.762       0.0000      -2.9314         0.00     0.00     0.00
    11275  -19.594       0.0000      -3.8975         0.00     0.00     0.00
    11276  -19.379       0.0000      -4.8543         0.00     0.00     0.00
    11277  -19.118       0.0000      -5.7993         0.00     0.00     0.00

    NODE        X            Y            Z          THXY     THYZ     THZX
    11278  -18.810       0.0000      -6.7304         0.00     0.00     0.00
    11279  -18.457       0.0000      -7.6452         0.00     0.00     0.00
    11280  -18.060       0.0000      -8.5417         0.00     0.00     0.00
    11281  -17.619       0.0000      -9.4176         0.00     0.00     0.00
    11282  -17.136       0.0000      -10.271         0.00     0.00     0.00
    11283  -16.611       0.0000      -11.099         0.00     0.00     0.00
    11284  -16.046       0.0000      -11.901         0.00     0.00     0.00
    11285  -15.443       0.0000      -12.674         0.00     0.00     0.00
    11286  -14.803       0.0000      -13.416         0.00     0.00     0.00
    11287  -14.127       0.0000      -14.127         0.00     0.00     0.00
    11288  -13.416       0.0000      -14.803         0.00     0.00     0.00
    11289  -12.674       0.0000      -15.443         0.00     0.00     0.00
    11290  -11.901       0.0000      -16.046         0.00     0.00     0.00
    11291  -11.099       0.0000      -16.611         0.00     0.00     0.00
    11292  -10.271       0.0000      -17.136         0.00     0.00     0.00
    11293  -9.4176       0.0000      -17.619         0.00     0.00     0.00
    11294  -8.5417       0.0000      -18.060         0.00     0.00     0.00
    11295  -7.6452       0.0000      -18.457         0.00     0.00     0.00
    11296  -6.7304       0.0000      -18.810         0.00     0.00     0.00
    11297  -5.7993       0.0000      -19.118         0.00     0.00     0.00

    NODE        X            Y            Z          THXY     THYZ     THZX
    11298  -4.8543       0.0000      -19.379         0.00     0.00     0.00
    11299  -3.8975       0.0000      -19.594         0.00     0.00     0.00
    11300  -2.9314       0.0000      -19.762         0.00     0.00     0.00
    11301  -1.9582       0.0000      -19.882         0.00     0.00     0.00
    11302 -0.98027       0.0000      -19.954         0.00     0.00     0.00
    14311  0.89686       0.0000      -18.256         0.00     0.00     0.00
    14312   1.7916       0.0000      -18.190         0.00     0.00     0.00
    14313   2.6819       0.0000      -18.080         0.00     0.00     0.00
    14314   3.5659       0.0000      -17.927         0.00     0.00     0.00
    14315   4.4412       0.0000      -17.730         0.00     0.00     0.00
    14316   5.3058       0.0000      -17.491         0.00     0.00     0.00
    14317   6.1577       0.0000      -17.210         0.00     0.00     0.00
    14318   6.9947       0.0000      -16.887         0.00     0.00     0.00
    14319   7.8149       0.0000      -16.523         0.00     0.00     0.00
    14320   8.6162       0.0000      -16.120         0.00     0.00     0.00
    14321   9.3968       0.0000      -15.678         0.00     0.00     0.00
    14322   10.155       0.0000      -15.198         0.00     0.00     0.00
    14323   10.888       0.0000      -14.681         0.00     0.00     0.00
    14324   11.595       0.0000      -14.129         0.00     0.00     0.00
    14325   12.275       0.0000      -13.543         0.00     0.00     0.00

    NODE        X            Y            Z          THXY     THYZ     THZX
    14326   12.924       0.0000      -12.924         0.00     0.00     0.00
    14327   13.543       0.0000      -12.275         0.00     0.00     0.00
    14328   14.129       0.0000      -11.595         0.00     0.00     0.00
    14329   14.681       0.0000      -10.888         0.00     0.00     0.00
    14330   15.198       0.0000      -10.155         0.00     0.00     0.00
    14331   15.678       0.0000      -9.3968         0.00     0.00     0.00
    14332   16.120       0.0000      -8.6162         0.00     0.00     0.00
    14333   16.523       0.0000      -7.8149         0.00     0.00     0.00
    14334   16.887       0.0000      -6.9947         0.00     0.00     0.00
    14335   17.210       0.0000      -6.1577         0.00     0.00     0.00
    14336   17.491       0.0000      -5.3058         0.00     0.00     0.00
    14337   17.730       0.0000      -4.4412         0.00     0.00     0.00
    14338   17.927       0.0000      -3.5659         0.00     0.00     0.00
    14339   18.080       0.0000      -2.6819         0.00     0.00     0.00
    14340   18.190       0.0000      -1.7916         0.00     0.00     0.00
    14341   18.256       0.0000     -0.89686         0.00     0.00     0.00
    15815   1.2305       0.0000      -25.048         0.00     0.00     0.00
    15816   2.4581       0.0000      -24.957         0.00     0.00     0.00
    15817   3.6797       0.0000      -24.807         0.00     0.00     0.00
    15818   4.8925       0.0000      -24.596         0.00     0.00     0.00

    NODE        X            Y            Z          THXY     THYZ     THZX
    15819   6.0935       0.0000      -24.326         0.00     0.00     0.00
    15820   7.2798       0.0000      -23.998         0.00     0.00     0.00
    15821   8.4485       0.0000      -23.612         0.00     0.00     0.00
    15822   9.5969       0.0000      -23.169         0.00     0.00     0.00
    15823   10.722       0.0000      -22.670         0.00     0.00     0.00
    15824   11.822       0.0000      -22.117         0.00     0.00     0.00
    15825   12.893       0.0000      -21.510         0.00     0.00     0.00
    15826   13.933       0.0000      -20.852         0.00     0.00     0.00
    15827   14.939       0.0000      -20.143         0.00     0.00     0.00
    15828   15.909       0.0000      -19.386         0.00     0.00     0.00
    15829   16.841       0.0000      -18.582         0.00     0.00     0.00
    15830   17.733       0.0000      -17.733         0.00     0.00     0.00
    15831   18.582       0.0000      -16.841         0.00     0.00     0.00
    15832   19.386       0.0000      -15.909         0.00     0.00     0.00
    15833   20.143       0.0000      -14.939         0.00     0.00     0.00
    15834   20.852       0.0000      -13.933         0.00     0.00     0.00
    15835   21.510       0.0000      -12.893         0.00     0.00     0.00
    15836   22.117       0.0000      -11.822         0.00     0.00     0.00
    15837   22.670       0.0000      -10.722         0.00     0.00     0.00
    15838   23.169       0.0000      -9.5969         0.00     0.00     0.00

    NODE        X            Y            Z          THXY     THYZ     THZX
    15839   23.612       0.0000      -8.4485         0.00     0.00     0.00
    15840   23.998       0.0000      -7.2798         0.00     0.00     0.00
    15841   24.326       0.0000      -6.0935         0.00     0.00     0.00
    15842   24.596       0.0000      -4.8925         0.00     0.00     0.00
    15843   24.807       0.0000      -3.6797         0.00     0.00     0.00
    15844   24.957       0.0000      -2.4581         0.00     0.00     0.00
    15845   25.048       0.0000      -1.2305         0.00     0.00     0.00
    15846   1.1471       0.0000      -23.350         0.00     0.00     0.00
    15847   2.2914       0.0000      -23.265         0.00     0.00     0.00
    15848   3.4303       0.0000      -23.125         0.00     0.00     0.00
    15849   4.5608       0.0000      -22.929         0.00     0.00     0.00
    15850   5.6804       0.0000      -22.677         0.00     0.00     0.00
    15851   6.7863       0.0000      -22.371         0.00     0.00     0.00
    15852   7.8758       0.0000      -22.011         0.00     0.00     0.00
    15853   8.9464       0.0000      -21.598         0.00     0.00     0.00
    15854   9.9954       0.0000      -21.133         0.00     0.00     0.00
    15855   11.020       0.0000      -20.618         0.00     0.00     0.00
    15856   12.019       0.0000      -20.052         0.00     0.00     0.00
    15857   12.988       0.0000      -19.438         0.00     0.00     0.00
    15858   13.926       0.0000      -18.777         0.00     0.00     0.00

    NODE        X            Y            Z          THXY     THYZ     THZX
    15859   14.831       0.0000      -18.071         0.00     0.00     0.00
    15860   15.700       0.0000      -17.322         0.00     0.00     0.00
    15861   16.531       0.0000      -16.531         0.00     0.00     0.00
    15862   17.322       0.0000      -15.700         0.00     0.00     0.00
    15863   18.071       0.0000      -14.831         0.00     0.00     0.00
    15864   18.777       0.0000      -13.926         0.00     0.00     0.00
    15865   19.438       0.0000      -12.988         0.00     0.00     0.00
    15866   20.052       0.0000      -12.019         0.00     0.00     0.00
    15867   20.618       0.0000      -11.020         0.00     0.00     0.00
    15868   21.133       0.0000      -9.9954         0.00     0.00     0.00
    15869   21.598       0.0000      -8.9464         0.00     0.00     0.00
    15870   22.011       0.0000      -7.8758         0.00     0.00     0.00
    15871   22.371       0.0000      -6.7863         0.00     0.00     0.00
    15872   22.677       0.0000      -5.6804         0.00     0.00     0.00
    15873   22.929       0.0000      -4.5608         0.00     0.00     0.00
    15874   23.125       0.0000      -3.4303         0.00     0.00     0.00
    15875   23.265       0.0000      -2.2914         0.00     0.00     0.00
    15876   23.350       0.0000      -1.1471         0.00     0.00     0.00
    15877   1.0637       0.0000      -21.652         0.00     0.00     0.00
    15878   2.1248       0.0000      -21.574         0.00     0.00     0.00

    NODE        X            Y            Z          THXY     THYZ     THZX
    15879   3.1808       0.0000      -21.443         0.00     0.00     0.00
    15880   4.2292       0.0000      -21.261         0.00     0.00     0.00
    15881   5.2673       0.0000      -21.028         0.00     0.00     0.00
    15882   6.2928       0.0000      -20.745         0.00     0.00     0.00
    15883   7.3031       0.0000      -20.411         0.00     0.00     0.00
    15884   8.2958       0.0000      -20.028         0.00     0.00     0.00
    15885   9.2685       0.0000      -19.597         0.00     0.00     0.00
    15886   10.219       0.0000      -19.118         0.00     0.00     0.00
    15887   11.145       0.0000      -18.594         0.00     0.00     0.00
    15888   12.044       0.0000      -18.025         0.00     0.00     0.00
    15889   12.914       0.0000      -17.412         0.00     0.00     0.00
    15890   13.752       0.0000      -16.757         0.00     0.00     0.00
    15891   14.558       0.0000      -16.062         0.00     0.00     0.00
    15892   15.329       0.0000      -15.329         0.00     0.00     0.00
    15893   16.062       0.0000      -14.558         0.00     0.00     0.00
    15894   16.757       0.0000      -13.752         0.00     0.00     0.00
    15895   17.412       0.0000      -12.914         0.00     0.00     0.00
    15896   18.025       0.0000      -12.044         0.00     0.00     0.00
    15897   18.594       0.0000      -11.145         0.00     0.00     0.00
    15898   19.118       0.0000      -10.219         0.00     0.00     0.00

    NODE        X            Y            Z          THXY     THYZ     THZX
    15899   19.597       0.0000      -9.2685         0.00     0.00     0.00
    15900   20.028       0.0000      -8.2958         0.00     0.00     0.00
    15901   20.411       0.0000      -7.3031         0.00     0.00     0.00
    15902   20.745       0.0000      -6.2928         0.00     0.00     0.00
    15903   21.028       0.0000      -5.2673         0.00     0.00     0.00
    15904   21.261       0.0000      -4.2292         0.00     0.00     0.00
    15905   21.443       0.0000      -3.1808         0.00     0.00     0.00
    15906   21.574       0.0000      -2.1248         0.00     0.00     0.00
    15907   21.652       0.0000      -1.0637         0.00     0.00     0.00
    15908  0.98027       0.0000      -19.954         0.00     0.00     0.00
    15909   1.9582       0.0000      -19.882         0.00     0.00     0.00
    15910   2.9314       0.0000      -19.762         0.00     0.00     0.00
    15911   3.8975       0.0000      -19.594         0.00     0.00     0.00
    15912   4.8543       0.0000      -19.379         0.00     0.00     0.00
    15913   5.7993       0.0000      -19.118         0.00     0.00     0.00
    15914   6.7304       0.0000      -18.810         0.00     0.00     0.00
    15915   7.6452       0.0000      -18.457         0.00     0.00     0.00
    15916   8.5417       0.0000      -18.060         0.00     0.00     0.00
    15917   9.4176       0.0000      -17.619         0.00     0.00     0.00
    15918   10.271       0.0000      -17.136         0.00     0.00     0.00

    NODE        X            Y            Z          THXY     THYZ     THZX
    15919   11.099       0.0000      -16.611         0.00     0.00     0.00
    15920   11.901       0.0000      -16.046         0.00     0.00     0.00
    15921   12.674       0.0000      -15.443         0.00     0.00     0.00
    15922   13.416       0.0000      -14.803         0.00     0.00     0.00
    15923   14.127       0.0000      -14.127         0.00     0.00     0.00
    15924   14.803       0.0000      -13.416         0.00     0.00     0.00
    15925   15.443       0.0000      -12.674         0.00     0.00     0.00
    15926   16.046       0.0000      -11.901         0.00     0.00     0.00
    15927   16.611       0.0000      -11.099         0.00     0.00     0.00
    15928   17.136       0.0000      -10.271         0.00     0.00     0.00
    15929   17.619       0.0000      -9.4176         0.00     0.00     0.00
    15930   18.060       0.0000      -8.5417         0.00     0.00     0.00
    15931   18.457       0.0000      -7.6452         0.00     0.00     0.00
    15932   18.810       0.0000      -6.7304         0.00     0.00     0.00
    15933   19.118       0.0000      -5.7993         0.00     0.00     0.00
    15934   19.379       0.0000      -4.8543         0.00     0.00     0.00
    15935   19.594       0.0000      -3.8975         0.00     0.00     0.00
    15936   19.762       0.0000      -2.9314         0.00     0.00     0.00
    15937   19.882       0.0000      -1.9582         0.00     0.00     0.00
    15938   19.954       0.0000     -0.98027         0.00     0.00     0.00

