
 LIST ALL SELECTED ELEMENTS.  (LIST NODES)
 
    ELEM MAT TYP REL ESY SEC        NODES
 
     393   1   1   1   0   1   1832  1861  2238  1834  2783  2840  3088  2787
                               1860  2245  2239  1833  2838  3086  3080  2785
                               2782  2839  3087  2786
     394   1   1   1   0   1   1861  1863  2236  2238  2840  2844  3119  3088
                               1862  2244  2237  2245  2842  3117  3111  3086
                               2839  2843  3118  3087
     395   1   1   1   0   1   1863  1865  2234  2236  2844  2848  3150  3119
                               1864  2243  2235  2244  2846  3148  3142  3117
                               2843  2847  3149  3118
     396   1   1   1   0   1   1865  1867  2232  2234  2848  2852  3181  3150
                               1866  2242  2233  2243  2850  3179  3173  3148
                               2847  2851  3180  3149
     397   1   1   1   0   1   1867  1869  2230  2232  2852  2856  3212  3181
                               1868  2241  2231  2242  2854  3210  3204  3179
                               2851  2855  3211  3180
     398   1   1   1   0   1   1869  1871  2228  2230  2856  2860  3243  3212
                               1870  2240  2229  2241  2858  3241  3235  3210
                               2855  2859  3242  3211
     400   1   1   1   0   1   1834  2238  2219  1836  2787  3088  3092  2791
                               2239  2226  2220  1835  3080  3090  3081  2789
                               2786  3087  3091  2790
 
    ELEM MAT TYP REL ESY SEC        NODES
 
     401   1   1   1   0   1   2238  2236  2217  2219  3088  3119  3123  3092
                               2237  2225  2218  2226  3111  3121  3112  3090
                               3087  3118  3122  3091
     402   1   1   1   0   1   2236  2234  2215  2217  3119  3150  3154  3123
                               2235  2224  2216  2225  3142  3152  3143  3121
                               3118  3149  3153  3122
     403   1   1   1   0   1   2234  2232  2213  2215  3150  3181  3185  3154
                               2233  2223  2214  2224  3173  3183  3174  3152
                               3149  3180  3184  3153
     404   1   1   1   0   1   2232  2230  2211  2213  3181  3212  3216  3185
                               2231  2222  2212  2223  3204  3214  3205  3183
                               3180  3211  3215  3184
     407   1   1   1   0   1   1836  2219  2200  1838  2791  3092  3096  2795
                               2220  2207  2201  1837  3081  3094  3082  2793
                               2790  3091  3095  2794
     408   1   1   1   0   1   2219  2217  2198  2200  3092  3123  3127  3096
                               2218  2206  2199  2207  3112  3125  3113  3094
                               3091  3122  3126  3095
     409   1   1   1   0   1   2217  2215  2196  2198  3123  3154  3158  3127
                               2216  2205  2197  2206  3143  3156  3144  3125
                               3122  3153  3157  3126
 
    ELEM MAT TYP REL ESY SEC        NODES
 
     410   1   1   1   0   1   2215  2213  2194  2196  3154  3185  3189  3158
                               2214  2204  2195  2205  3174  3187  3175  3156
                               3153  3184  3188  3157
     411   1   1   1   0   1   2213  2211  2192  2194  3185  3216  3220  3189
                               2212  2203  2193  2204  3205  3218  3206  3187
                               3184  3215  3219  3188
     442   1   1   1   0   1   2783  2840  3088  2787  2260  2303  2348  2262
                               2838  3086  3080  2785  2302  2347  2341  2261
                               2784  2841  3089  2788
     443   1   1   1   0   1   2840  2844  3119  3088  2303  2305  2367  2348
                               2842  3117  3111  3086  2304  2366  2360  2347
                               2841  2845  3120  3089
     444   1   1   1   0   1   2844  2848  3150  3119  2305  2307  2386  2367
                               2846  3148  3142  3117  2306  2385  2379  2366
                               2845  2849  3151  3120
     445   1   1   1   0   1   2848  2852  3181  3150  2307  2309  2405  2386
                               2850  3179  3173  3148  2308  2404  2398  2385
                               2849  2853  3182  3151
     446   1   1   1   0   1   2852  2856  3212  3181  2309  2311  2424  2405
                               2854  3210  3204  3179  2310  2423  2417  2404
                               2853  2857  3213  3182
 
    ELEM MAT TYP REL ESY SEC        NODES
 
     449   1   1   1   0   1   2787  3088  3092  2791  2262  2348  2350  2264
                               3080  3090  3081  2789  2341  2349  2342  2263
                               2788  3089  3093  2792
     450   1   1   1   0   1   3088  3119  3123  3092  2348  2367  2369  2350
                               3111  3121  3112  3090  2360  2368  2361  2349
                               3089  3120  3124  3093
     451   1   1   1   0   1   3119  3150  3154  3123  2367  2386  2388  2369
                               3142  3152  3143  3121  2379  2387  2380  2368
                               3120  3151  3155  3124
     452   1   1   1   0   1   3150  3181  3185  3154  2386  2405  2407  2388
                               3173  3183  3174  3152  2398  2406  2399  2387
                               3151  3182  3186  3155
     510   1   1   1   0   1   2091  2089  2070  2072  3408  3439  3443  3412
                               2090  2082  2071  2083  3428  3441  3429  3410
                               3407  3438  3442  3411
     511   1   1   1   0   1   2089  1869  1867  2070  3439  2856  2852  3443
                               2088  1868  2069  2082  3459  2854  3460  3441
                               3438  2855  2851  3442
     516   1   1   1   0   1   2074  2072  2053  2055  3381  3412  3416  3385
                               2073  2064  2054  2065  3398  3414  3399  3383
                               3380  3411  3415  3384
 
    ELEM MAT TYP REL ESY SEC        NODES
 
     517   1   1   1   0   1   2072  2070  2051  2053  3412  3443  3447  3416
                               2071  2063  2052  2064  3429  3445  3430  3414
                               3411  3442  3446  3415
     518   1   1   1   0   1   2070  1867  1865  2051  3443  2852  2848  3447
                               2069  1866  2050  2063  3460  2850  3461  3445
                               3442  2851  2847  3446
     523   1   1   1   0   1   2055  2053  2034  2036  3385  3416  3420  3389
                               2054  2045  2035  2046  3399  3418  3400  3387
                               3384  3415  3419  3388
     524   1   1   1   0   1   2053  2051  2032  2034  3416  3447  3451  3420
                               2052  2044  2033  2045  3430  3449  3431  3418
                               3415  3446  3450  3419
     525   1   1   1   0   1   2051  1865  1863  2032  3447  2848  2844  3451
                               2050  1864  2031  2044  3461  2846  3462  3449
                               3446  2847  2843  3450
     529   1   1   1   0   1   2038  2036  2017  2019  3358  3389  3393  3362
                               2037  2027  2018  2028  3369  3391  3370  3360
                               3357  3388  3392  3361
     530   1   1   1   0   1   2036  2034  2015  2017  3389  3420  3424  3393
                               2035  2026  2016  2027  3400  3422  3401  3391
                               3388  3419  3423  3392
 
    ELEM MAT TYP REL ESY SEC        NODES
 
     531   1   1   1   0   1   2034  2032  2013  2015  3420  3451  3455  3424
                               2033  2025  2014  2026  3431  3453  3432  3422
                               3419  3450  3454  3423
     532   1   1   1   0   1   2032  1863  1861  2013  3451  2844  2840  3455
                               2031  1862  2012  2025  3462  2842  3463  3453
                               3450  2843  2839  3454
     536   1   1   1   0   1   2019  2017  1826  1824  3362  3393  2771  2767
                               2018  2008  1825  2009  3370  3395  2769  3364
                               3361  3392  2770  2766
     537   1   1   1   0   1   2017  2015  1828  1826  3393  3424  2775  2771
                               2016  2007  1827  2008  3401  3426  2773  3395
                               3392  3423  2774  2770
     538   1   1   1   0   1   2015  2013  1830  1828  3424  3455  2779  2775
                               2014  2006  1829  2007  3432  3457  2777  3426
                               3423  3454  2778  2774
     539   1   1   1   0   1   2013  1861  1832  1830  3455  2840  2783  2779
                               2012  1860  1831  2006  3463  2838  2781  3457
                               3454  2839  2782  2778
     560   1   1   1   0   1   3439  2856  2852  3443  2565  2311  2309  2567
                               3459  2854  3460  3441  2576  2310  2577  2566
                               3440  2857  2853  3444
 
    ELEM MAT TYP REL ESY SEC        NODES
 
     565   1   1   1   0   1   3381  3412  3416  3385  2529  2548  2550  2531
                               3398  3414  3399  3383  2539  2549  2540  2530
                               3382  3413  3417  3386
     566   1   1   1   0   1   3412  3443  3447  3416  2548  2567  2569  2550
                               3429  3445  3430  3414  2558  2568  2559  2549
                               3413  3444  3448  3417
     567   1   1   1   0   1   3443  2852  2848  3447  2567  2309  2307  2569
                               3460  2850  3461  3445  2577  2308  2578  2568
                               3444  2853  2849  3448
     572   1   1   1   0   1   3385  3416  3420  3389  2531  2550  2552  2533
                               3399  3418  3400  3387  2540  2551  2541  2532
                               3386  3417  3421  3390
     573   1   1   1   0   1   3416  3447  3451  3420  2550  2569  2571  2552
                               3430  3449  3431  3418  2559  2570  2560  2551
                               3417  3448  3452  3421
     574   1   1   1   0   1   3447  2848  2844  3451  2569  2307  2305  2571
                               3461  2846  3462  3449  2578  2306  2579  2570
                               3448  2849  2845  3452
     578   1   1   1   0   1   3358  3389  3393  3362  2514  2533  2535  2516
                               3369  3391  3370  3360  2522  2534  2523  2515
                               3359  3390  3394  3363
 
    ELEM MAT TYP REL ESY SEC        NODES
 
     579   1   1   1   0   1   3389  3420  3424  3393  2533  2552  2554  2535
                               3400  3422  3401  3391  2541  2553  2542  2534
                               3390  3421  3425  3394
     580   1   1   1   0   1   3420  3451  3455  3424  2552  2571  2573  2554
                               3431  3453  3432  3422  2560  2572  2561  2553
                               3421  3452  3456  3425
     581   1   1   1   0   1   3451  2844  2840  3455  2571  2305  2303  2573
                               3462  2842  3463  3453  2579  2304  2580  2572
                               3452  2845  2841  3456
     585   1   1   1   0   1   3362  3393  2771  2767  2516  2535  2254  2252
                               3370  3395  2769  3364  2523  2536  2253  2517
                               3363  3394  2772  2768
     586   1   1   1   0   1   3393  3424  2775  2771  2535  2554  2256  2254
                               3401  3426  2773  3395  2542  2555  2255  2536
                               3394  3425  2776  2772
     587   1   1   1   0   1   3424  3455  2779  2775  2554  2573  2258  2256
                               3432  3457  2777  3426  2561  2574  2257  2555
                               3425  3456  2780  2776
     588   1   1   1   0   1   3455  2840  2783  2779  2573  2303  2260  2258
                               3463  2838  2781  3457  2580  2302  2259  2574
                               3456  2841  2784  2780
 
    ELEM MAT TYP REL ESY SEC        NODES
 
     589   1   1   1   0   1   1832  3547  3671  1830  2783  4488  4569  2779
                               3546  3678  3672  1831  4486  4567  4561  2781
                               2782  4487  4568  2778
     590   1   1   1   0   1   3547  3549  3669  3671  4488  4492  4600  4569
                               3548  3677  3670  3678  4490  4598  4592  4567
                               4487  4491  4599  4568
     591   1   1   1   0   1   3549  3551  3667  3669  4492  4496  4631  4600
                               3550  3676  3668  3677  4494  4629  4623  4598
                               4491  4495  4630  4599
     592   1   1   1   0   1   3551  3553  3665  3667  4496  4500  4662  4631
                               3552  3675  3666  3676  4498  4660  4654  4629
                               4495  4499  4661  4630
     593   1   1   1   0   1   3553  3555  3663  3665  4500  4504  4693  4662
                               3554  3674  3664  3675  4502  4691  4685  4660
                               4499  4503  4692  4661
     594   1   1   1   0   1   3555  3557  3661  3663  4504  4508  4724  4693
                               3556  3673  3662  3674  4506  4722  4716  4691
                               4503  4507  4723  4692
     596   1   1   1   0   1   1830  3671  3652  1828  2779  4569  4573  2775
                               3672  3659  3653  1829  4561  4571  4562  2777
                               2778  4568  4572  2774
 
    ELEM MAT TYP REL ESY SEC        NODES
 
     597   1   1   1   0   1   3671  3669  3650  3652  4569  4600  4604  4573
                               3670  3658  3651  3659  4592  4602  4593  4571
                               4568  4599  4603  4572
     598   1   1   1   0   1   3669  3667  3648  3650  4600  4631  4635  4604
                               3668  3657  3649  3658  4623  4633  4624  4602
                               4599  4630  4634  4603
     599   1   1   1   0   1   3667  3665  3646  3648  4631  4662  4666  4635
                               3666  3656  3647  3657  4654  4664  4655  4633
                               4630  4661  4665  4634
     600   1   1   1   0   1   3665  3663  3644  3646  4662  4693  4697  4666
                               3664  3655  3645  3656  4685  4695  4686  4664
                               4661  4692  4696  4665
     603   1   1   1   0   1   1828  3652  3633  1826  2775  4573  4577  2771
                               3653  3640  3634  1827  4562  4575  4563  2773
                               2774  4572  4576  2770
     604   1   1   1   0   1   3652  3650  3631  3633  4573  4604  4608  4577
                               3651  3639  3632  3640  4593  4606  4594  4575
                               4572  4603  4607  4576
     605   1   1   1   0   1   3650  3648  3629  3631  4604  4635  4639  4608
                               3649  3638  3630  3639  4624  4637  4625  4606
                               4603  4634  4638  4607
 
    ELEM MAT TYP REL ESY SEC        NODES
 
     606   1   1   1   0   1   3648  3646  3627  3629  4635  4666  4670  4639
                               3647  3637  3628  3638  4655  4668  4656  4637
                               4634  4665  4669  4638
     610   1   1   1   0   1   1826  3633  3614  1824  2771  4577  4581  2767
                               3634  3621  3615  1825  4563  4579  4564  2769
                               2770  4576  4580  2766
     611   1   1   1   0   1   3633  3631  3612  3614  4577  4608  4612  4581
                               3632  3620  3613  3621  4594  4610  4595  4579
                               4576  4607  4611  4580
     638   1   1   1   0   1   2783  4488  4569  2779  2260  4002  4261  2258
                               4486  4567  4561  2781  4001  4260  4254  2259
                               2784  4489  4570  2780
     639   1   1   1   0   1   4488  4492  4600  4569  4002  4004  4280  4261
                               4490  4598  4592  4567  4003  4279  4273  4260
                               4489  4493  4601  4570
     640   1   1   1   0   1   4492  4496  4631  4600  4004  4006  4299  4280
                               4494  4629  4623  4598  4005  4298  4292  4279
                               4493  4497  4632  4601
     641   1   1   1   0   1   4496  4500  4662  4631  4006  4008  4318  4299
                               4498  4660  4654  4629  4007  4317  4311  4298
                               4497  4501  4663  4632
 
    ELEM MAT TYP REL ESY SEC        NODES
 
     642   1   1   1   0   1   4500  4504  4693  4662  4008  4010  4337  4318
                               4502  4691  4685  4660  4009  4336  4330  4317
                               4501  4505  4694  4663
     645   1   1   1   0   1   2779  4569  4573  2775  2258  4261  4263  2256
                               4561  4571  4562  2777  4254  4262  4255  2257
                               2780  4570  4574  2776
     646   1   1   1   0   1   4569  4600  4604  4573  4261  4280  4282  4263
                               4592  4602  4593  4571  4273  4281  4274  4262
                               4570  4601  4605  4574
     647   1   1   1   0   1   4600  4631  4635  4604  4280  4299  4301  4282
                               4623  4633  4624  4602  4292  4300  4293  4281
                               4601  4632  4636  4605
     648   1   1   1   0   1   4631  4662  4666  4635  4299  4318  4320  4301
                               4654  4664  4655  4633  4311  4319  4312  4300
                               4632  4663  4667  4636
     649   1   1   1   0   1   4662  4693  4697  4666  4318  4337  4339  4320
                               4685  4695  4686  4664  4330  4338  4331  4319
                               4663  4694  4698  4667
     652   1   1   1   0   1   2775  4573  4577  2771  2256  4263  4265  2254
                               4562  4575  4563  2773  4255  4264  4256  2255
                               2776  4574  4578  2772
 
    ELEM MAT TYP REL ESY SEC        NODES
 
     653   1   1   1   0   1   4573  4604  4608  4577  4263  4282  4284  4265
                               4593  4606  4594  4575  4274  4283  4275  4264
                               4574  4605  4609  4578
     654   1   1   1   0   1   4604  4635  4639  4608  4282  4301  4303  4284
                               4624  4637  4625  4606  4293  4302  4294  4283
                               4605  4636  4640  4609
     655   1   1   1   0   1   4635  4666  4670  4639  4301  4320  4322  4303
                               4655  4668  4656  4637  4312  4321  4313  4302
                               4636  4667  4671  4640
     659   1   1   1   0   1   2771  4577  4581  2767  2254  4265  4267  2252
                               4563  4579  4564  2769  4256  4266  4257  2253
                               2772  4578  4582  2768
     660   1   1   1   0   1   4577  4608  4612  4581  4265  4284  4286  4267
                               4594  4610  4595  4579  4275  4285  4276  4266
                               4578  4609  4613  4582
     661   1   1   1   0   1   4608  4639  4643  4612  4284  4303  4305  4286
                               4625  4641  4626  4610  4294  4304  4295  4285
                               4609  4640  4644  4613
     699   1   1   1   0   1   3903  3901  3882  3884  4885  4916  4920  4889
                               3902  3894  3883  3895  4908  4918  4909  4887
                               4884  4915  4919  4888
 
    ELEM MAT TYP REL ESY SEC        NODES
 
     700   1   1   1   0   1   3901  3557  3555  3882  4916  4508  4504  4920
                               3900  3556  3881  3894  4939  4506  4940  4918
                               4915  4507  4503  4919
     705   1   1   1   0   1   3886  3884  3865  3867  4858  4889  4893  4862
                               3885  3876  3866  3877  4878  4891  4879  4860
                               4857  4888  4892  4861
     706   1   1   1   0   1   3884  3882  3863  3865  4889  4920  4924  4893
                               3883  3875  3864  3876  4909  4922  4910  4891
                               4888  4919  4923  4892
     707   1   1   1   0   1   3882  3555  3553  3863  4920  4504  4500  4924
                               3881  3554  3862  3875  4940  4502  4941  4922
                               4919  4503  4499  4923
     711   1   1   1   0   1   3869  3867  3848  3850  4831  4862  4866  4835
                               3868  3858  3849  3859  4848  4864  4849  4833
                               4830  4861  4865  4834
     712   1   1   1   0   1   3867  3865  3846  3848  4862  4893  4897  4866
                               3866  3857  3847  3858  4879  4895  4880  4864
                               4861  4892  4896  4865
     713   1   1   1   0   1   3865  3863  3844  3846  4893  4924  4928  4897
                               3864  3856  3845  3857  4910  4926  4911  4895
                               4892  4923  4927  4896
 
    ELEM MAT TYP REL ESY SEC        NODES
 
     714   1   1   1   0   1   3863  3553  3551  3844  4924  4500  4496  4928
                               3862  3552  3843  3856  4941  4498  4942  4926
                               4923  4499  4495  4927
     718   1   1   1   0   1   3850  3848  3829  3831  4835  4866  4870  4839
                               3849  3839  3830  3840  4849  4868  4850  4837
                               4834  4865  4869  4838
     719   1   1   1   0   1   3848  3846  3827  3829  4866  4897  4901  4870
                               3847  3838  3828  3839  4880  4899  4881  4868
                               4865  4896  4900  4869
     720   1   1   1   0   1   3846  3844  3825  3827  4897  4928  4932  4901
                               3845  3837  3826  3838  4911  4930  4912  4899
                               4896  4927  4931  4900
     721   1   1   1   0   1   3844  3551  3549  3825  4928  4496  4492  4932
                               3843  3550  3824  3837  4942  4494  4943  4930
                               4927  4495  4491  4931
     726   1   1   1   0   1   3829  3827  3808  3810  4870  4901  4905  4874
                               3828  3819  3809  3820  4881  4903  4882  4872
                               4869  4900  4904  4873
     727   1   1   1   0   1   3827  3825  3806  3808  4901  4932  4936  4905
                               3826  3818  3807  3819  4912  4934  4913  4903
                               4900  4931  4935  4904
 
    ELEM MAT TYP REL ESY SEC        NODES
 
     728   1   1   1   0   1   3825  3549  3547  3806  4932  4492  4488  4936
                               3824  3548  3805  3818  4943  4490  4944  4934
                               4931  4491  4487  4935
     733   1   1   1   0   1   3810  3808  1836  1838  4874  4905  2791  2795
                               3809  3800  1837  3801  4882  4907  2793  4876
                               4873  4904  2790  2794
     734   1   1   1   0   1   3808  3806  1834  1836  4905  4936  2787  2791
                               3807  3799  1835  3800  4913  4938  2789  4907
                               4904  4935  2786  2790
     735   1   1   1   0   1   3806  3547  1832  1834  4936  4488  2783  2787
                               3805  3546  1833  3799  4944  4486  2785  4938
                               4935  4487  2782  2786
     756   1   1   1   0   1   4920  4504  4500  4924  4118  4010  4008  4120
                               4940  4502  4941  4922  4129  4009  4130  4119
                               4921  4505  4501  4925
     762   1   1   1   0   1   4893  4924  4928  4897  4101  4120  4122  4103
                               4910  4926  4911  4895  4111  4121  4112  4102
                               4894  4925  4929  4898
     763   1   1   1   0   1   4924  4500  4496  4928  4120  4008  4006  4122
                               4941  4498  4942  4926  4130  4007  4131  4121
                               4925  4501  4497  4929
 
    ELEM MAT TYP REL ESY SEC        NODES
 
     769   1   1   1   0   1   4897  4928  4932  4901  4103  4122  4124  4105
                               4911  4930  4912  4899  4112  4123  4113  4104
                               4898  4929  4933  4902
     770   1   1   1   0   1   4928  4496  4492  4932  4122  4006  4004  4124
                               4942  4494  4943  4930  4131  4005  4132  4123
                               4929  4497  4493  4933
     776   1   1   1   0   1   4901  4932  4936  4905  4105  4124  4126  4107
                               4912  4934  4913  4903  4113  4125  4114  4106
                               4902  4933  4937  4906
     777   1   1   1   0   1   4932  4492  4488  4936  4124  4004  4002  4126
                               4943  4490  4944  4934  4132  4003  4133  4125
                               4933  4493  4489  4937
     783   1   1   1   0   1   4905  4936  2787  2791  4107  4126  2262  2264
                               4913  4938  2789  4907  4114  4127  2263  4108
                               4906  4937  2788  2792
     784   1   1   1   0   1   4936  4488  2783  2787  4126  4002  2260  2262
                               4944  4486  2785  4938  4133  4001  2261  4127
                               4937  4489  2784  2788

