
 LIST ALL SELECTED ELEMENTS.  (LIST NODES)
 
    ELEM MAT TYP REL ESY SEC        NODES
 
       1   1   1   1   0   1    427   332   477   439   588   649   622   537
       2   1   1   1   0   1    588   649   622   537   611   187   633   536
       3   1   1   1   0   1    332   353   476   477   649   670   621   622
       4   1   1   1   0   1    649   670   621   622   187   166   632   633
       5   1   1   1   0   1    353   340   475   476   670   657   620   621
       6   1   1   1   0   1    670   657   620   621   166   179   631   632
       7   1   1   1   0   1    340   339   474   475   657   656   619   620
       8   1   1   1   0   1    657   656   619   620   179   180   630   631
       9   1   1   1   0   1    339   338   473   474   656   655   618   619
      10   1   1   1   0   1    656   655   618   619   180   181   629   630
      11   1   1   1   0   1    338   337   472   473   655   654   617   618
      12   1   1   1   0   1    655   654   617   618   181   182   628   629
      13   1   1   1   0   1    337   336   471   472   654   653   616   617
      14   1   1   1   0   1    654   653   616   617   182   183   627   628
      15   1   1   1   0   1    336   335   470   471   653   652   615   616
      16   1   1   1   0   1    653   652   615   616   183   184   626   627
      17   1   1   1   0   1    335   334   469   470   652   651   614   615
      18   1   1   1   0   1    652   651   614   615   184   185   625   626
      19   1   1   1   0   1    334   333   468   469   651   650   613   614
      20   1   1   1   0   1    651   650   613   614   185   186   624   625
 
    ELEM MAT TYP REL ESY SEC        NODES
 
      21   1   1   1   0   1    333   317   467   468   650   634   612   613
      22   1   1   1   0   1    650   634   612   613   186   202   623   624
      23   1   1   1   0   1    317   478   466   467   634   576   551   612
      24   1   1   1   0   1    634   576   551   612   202   582   550   623
      25   1   1   1   0   1    317   318   479   478   634   635   577   576
      26   1   1   1   0   1    634   635   577   576   202   201   583   582
      27   1   1   1   0   1    318   319   480   479   635   636   578   577
      28   1   1   1   0   1    635   636   578   577   201   200   584   583
      29   1   1   1   0   1    319   320   481   480   636   637   579   578
      30   1   1   1   0   1    636   637   579   578   200   199   585   584
      31   1   1   1   0   1    320   321   482   481   637   638   580   579
      32   1   1   1   0   1    637   638   580   579   199   198   586   585
      33   1   1   1   0   1    321   316   483   482   638   678   581   580
      34   1   1   1   0   1    638   678   581   580   198   203   587   586
      35   1   1   1   0   1    316   416   415   483   678   599   497   581
      36   1   1   1   0   1    678   599   497   581   203   600   496   587
      37   1   1   1   0   1    316   322   417   416   678   639   598   599
      38   1   1   1   0   1    678   639   598   599   203   197   601   600
      39   1   1   1   0   1    322   323   418   417   639   640   597   598
      40   1   1   1   0   1    639   640   597   598   197   196   602   601
 
    ELEM MAT TYP REL ESY SEC        NODES
 
      41   1   1   1   0   1    323   324   419   418   640   641   596   597
      42   1   1   1   0   1    640   641   596   597   196   195   603   602
      43   1   1   1   0   1    324   325   420   419   641   642   595   596
      44   1   1   1   0   1    641   642   595   596   195   194   604   603
      45   1   1   1   0   1    325   326   421   420   642   643   594   595
      46   1   1   1   0   1    642   643   594   595   194   193   605   604
      47   1   1   1   0   1    326   327   422   421   643   644   593   594
      48   1   1   1   0   1    643   644   593   594   193   192   606   605
      49   1   1   1   0   1    327   328   423   422   644   645   592   593
      50   1   1   1   0   1    644   645   592   593   192   191   607   606
      51   1   1   1   0   1    328   329   424   423   645   646   591   592
      52   1   1   1   0   1    645   646   591   592   191   190   608   607
      53   1   1   1   0   1    329   330   425   424   646   647   590   591
      54   1   1   1   0   1    646   647   590   591   190   189   609   608
      55   1   1   1   0   1    330   331   426   425   647   648   589   590
      56   1   1   1   0   1    647   648   589   590   189   188   610   609
      57   1   1   1   0   1    331   332   427   426   648   649   588   589
      58   1   1   1   0   1    648   649   588   589   188   187   611   610
      59   1   1   1   0   1    333   341   318   317   650   658   635   634
      60   1   1   1   0   1    650   658   635   634   186   178   201   202
 
    ELEM MAT TYP REL ESY SEC        NODES
 
      61   1   1   1   0   1    341   342   319   318   658   659   636   635
      62   1   1   1   0   1    658   659   636   635   178   177   200   201
      63   1   1   1   0   1    342   343   320   319   659   660   637   636
      64   1   1   1   0   1    659   660   637   636   177   176   199   200
      65   1   1   1   0   1    343   344   321   320   660   661   638   637
      66   1   1   1   0   1    660   661   638   637   176   175   198   199
      67   1   1   1   0   1    321   344   322   316   638   661   639   678
      68   1   1   1   0   1    638   661   639   678   198   175   197   203
      69   1   1   1   0   1    344   345   323   322   661   662   640   639
      70   1   1   1   0   1    661   662   640   639   175   174   196   197
      71   1   1   1   0   1    345   346   324   323   662   663   641   640
      72   1   1   1   0   1    662   663   641   640   174   173   195   196
      73   1   1   1   0   1    346   347   325   324   663   664   642   641
      74   1   1   1   0   1    663   664   642   641   173   172   194   195
      75   1   1   1   0   1    347   348   326   325   664   665   643   642
      76   1   1   1   0   1    664   665   643   642   172   171   193   194
      77   1   1   1   0   1    348   349   327   326   665   666   644   643
      78   1   1   1   0   1    665   666   644   643   171   170   192   193
      79   1   1   1   0   1    349   350   328   327   666   667   645   644
      80   1   1   1   0   1    666   667   645   644   170   169   191   192
 
    ELEM MAT TYP REL ESY SEC        NODES
 
      81   1   1   1   0   1    350   351   329   328   667   668   646   645
      82   1   1   1   0   1    667   668   646   645   169   168   190   191
      83   1   1   1   0   1    351   352   330   329   668   669   647   646
      84   1   1   1   0   1    668   669   647   646   168   167   189   190
      85   1   1   1   0   1    352   315   331   330   669   679   648   647
      86   1   1   1   0   1    669   679   648   647   167   204   188   189
      87   1   1   1   0   1    315   353   332   331   679   670   649   648
      88   1   1   1   0   1    679   670   649   648   204   166   187   188
      89   1   1   1   0   1    354   341   333   334   671   658   650   651
      90   1   1   1   0   1    671   658   650   651   165   178   186   185
      91   1   1   1   0   1    355   354   334   335   672   671   651   652
      92   1   1   1   0   1    672   671   651   652   164   165   185   184
      93   1   1   1   0   1    356   355   335   336   673   672   652   653
      94   1   1   1   0   1    673   672   652   653   163   164   184   183
      95   1   1   1   0   1    357   356   336   337   674   673   653   654
      96   1   1   1   0   1    674   673   653   654   162   163   183   182
      97   1   1   1   0   1    358   357   337   338   675   674   654   655
      98   1   1   1   0   1    675   674   654   655   161   162   182   181
      99   1   1   1   0   1    359   358   338   339   676   675   655   656
     100   1   1   1   0   1    676   675   655   656   160   161   181   180
 
    ELEM MAT TYP REL ESY SEC        NODES
 
     101   1   1   1   0   1    360   359   339   340   677   676   656   657
     102   1   1   1   0   1    677   676   656   657   159   160   180   179
     103   1   1   1   0   1    350   359   360   351   667   676   677   668
     104   1   1   1   0   1    667   676   677   668   169   160   159   168
     105   1   1   1   0   1    349   358   359   350   666   675   676   667
     106   1   1   1   0   1    666   675   676   667   170   161   160   169
     107   1   1   1   0   1    348   357   358   349   665   674   675   666
     108   1   1   1   0   1    665   674   675   666   171   162   161   170
     109   1   1   1   0   1    347   356   357   348   664   673   674   665
     110   1   1   1   0   1    664   673   674   665   172   163   162   171
     111   1   1   1   0   1    346   355   356   347   663   672   673   664
     112   1   1   1   0   1    663   672   673   664   173   164   163   172
     113   1   1   1   0   1    345   354   355   346   662   671   672   663
     114   1   1   1   0   1    662   671   672   663   174   165   164   173
     115   1   1   1   0   1    354   343   342   341   671   660   659   658
     116   1   1   1   0   1    671   660   659   658   165   176   177   178
     117   1   1   1   0   1    343   354   345   344   660   671   662   661
     118   1   1   1   0   1    660   671   662   661   176   165   174   175
     119   1   1   1   0   1    315   360   340   353   679   677   657   670
     120   1   1   1   0   1    679   677   657   670   204   159   179   166
 
    ELEM MAT TYP REL ESY SEC        NODES
 
     121   1   1   1   0   1    315   352   351   360   679   669   668   677
     122   1   1   1   0   1    679   669   668   677   204   167   168   159
     123   1   1   1   0   1    477   308   459   439   622   680   563   537
     124   1   1   1   0   1    622   680   563   537   633   109   575   536
     125   1   1   1   0   1    308   284   458   459   680   704   562   563
     126   1   1   1   0   1    680   704   562   563   109   133   574   575
     127   1   1   1   0   1    284   285   457   458   704   703   561   562
     128   1   1   1   0   1    704   703   561   562   133   132   573   574
     129   1   1   1   0   1    285   286   456   457   703   702   560   561
     130   1   1   1   0   1    703   702   560   561   132   131   572   573
     131   1   1   1   0   1    286   287   455   456   702   701   559   560
     132   1   1   1   0   1    702   701   559   560   131   130   571   572
     133   1   1   1   0   1    287   288   454   455   701   700   558   559
     134   1   1   1   0   1    701   700   558   559   130   129   570   571
     135   1   1   1   0   1    288   289   453   454   700   699   557   558
     136   1   1   1   0   1    700   699   557   558   129   128   569   570
     137   1   1   1   0   1    289   290   452   453   699   698   556   557
     138   1   1   1   0   1    699   698   556   557   128   127   568   569
     139   1   1   1   0   1    290   291   451   452   698   697   555   556
     140   1   1   1   0   1    698   697   555   556   127   126   567   568
 
    ELEM MAT TYP REL ESY SEC        NODES
 
     141   1   1   1   0   1    291   292   450   451   697   696   554   555
     142   1   1   1   0   1    697   696   554   555   126   125   566   567
     143   1   1   1   0   1    292   293   449   450   696   695   553   554
     144   1   1   1   0   1    696   695   553   554   125   124   565   566
     145   1   1   1   0   1    298   460   447   448   690   543   513   552
     146   1   1   1   0   1    690   543   513   552   119   544   512   564
     147   1   1   1   0   1    293   298   448   449   695   690   552   553
     148   1   1   1   0   1    695   690   552   553   124   119   564   565
     149   1   1   1   0   1    299   467   466   465   689   612   551   538
     150   1   1   1   0   1    689   612   551   538   118   623   550   549
     151   1   1   1   0   1    294   299   465   464   694   689   538   539
     152   1   1   1   0   1    694   689   538   539   123   118   549   548
     153   1   1   1   0   1    295   294   464   463   693   694   539   540
     154   1   1   1   0   1    693   694   539   540   122   123   548   547
     155   1   1   1   0   1    296   295   463   462   692   693   540   541
     156   1   1   1   0   1    692   693   540   541   121   122   547   546
     157   1   1   1   0   1    298   297   461   460   690   691   542   543
     158   1   1   1   0   1    690   691   542   543   119   120   545   544
     159   1   1   1   0   1    297   296   462   461   691   692   541   542
     160   1   1   1   0   1    691   692   541   542   120   121   546   545
 
    ELEM MAT TYP REL ESY SEC        NODES
 
     161   1   1   1   0   1    299   300   468   467   689   688   613   612
     162   1   1   1   0   1    689   688   613   612   118   117   624   623
     163   1   1   1   0   1    300   301   469   468   688   687   614   613
     164   1   1   1   0   1    688   687   614   613   117   116   625   624
     165   1   1   1   0   1    301   302   470   469   687   686   615   614
     166   1   1   1   0   1    687   686   615   614   116   115   626   625
     167   1   1   1   0   1    302   303   471   470   686   685   616   615
     168   1   1   1   0   1    686   685   616   615   115   114   627   626
     169   1   1   1   0   1    303   304   472   471   685   684   617   616
     170   1   1   1   0   1    685   684   617   616   114   113   628   627
     171   1   1   1   0   1    304   305   473   472   684   683   618   617
     172   1   1   1   0   1    684   683   618   617   113   112   629   628
     173   1   1   1   0   1    305   306   474   473   683   682   619   618
     174   1   1   1   0   1    683   682   619   618   112   111   630   629
     175   1   1   1   0   1    306   307   475   474   682   681   620   619
     176   1   1   1   0   1    682   681   620   619   111   110   631   630
     177   1   1   1   0   1    307   309   476   475   681   730   621   620
     178   1   1   1   0   1    681   730   621   620   110   108   632   631
     179   1   1   1   0   1    309   308   477   476   730   680   622   621
     180   1   1   1   0   1    730   680   622   621   108   109   633   632
 
    ELEM MAT TYP REL ESY SEC        NODES
 
     181   1   1   1   0   1    293   274   297   298   695   714   691   690
     182   1   1   1   0   1    695   714   691   690   124   143   120   119
     183   1   1   1   0   1    274   273   296   297   714   715   692   691
     184   1   1   1   0   1    714   715   692   691   143   144   121   120
     185   1   1   1   0   1    273   272   295   296   715   716   693   692
     186   1   1   1   0   1    715   716   693   692   144   145   122   121
     187   1   1   1   0   1    272   275   294   295   716   713   694   693
     188   1   1   1   0   1    716   713   694   693   145   142   123   122
     189   1   1   1   0   1    275   300   299   294   713   688   689   694
     190   1   1   1   0   1    713   688   689   694   142   117   118   123
     191   1   1   1   0   1    275   276   301   300   713   712   687   688
     192   1   1   1   0   1    713   712   687   688   142   141   116   117
     193   1   1   1   0   1    276   277   302   301   712   711   686   687
     194   1   1   1   0   1    712   711   686   687   141   140   115   116
     195   1   1   1   0   1    277   278   303   302   711   710   685   686
     196   1   1   1   0   1    711   710   685   686   140   139   114   115
     197   1   1   1   0   1    278   279   304   303   710   709   684   685
     198   1   1   1   0   1    710   709   684   685   139   138   113   114
     199   1   1   1   0   1    279   280   305   304   709   708   683   684
     200   1   1   1   0   1    709   708   683   684   138   137   112   113
 
    ELEM MAT TYP REL ESY SEC        NODES
 
     201   1   1   1   0   1    280   281   306   305   708   707   682   683
     202   1   1   1   0   1    708   707   682   683   137   136   111   112
     203   1   1   1   0   1    281   282   307   306   707   706   681   682
     204   1   1   1   0   1    707   706   681   682   136   135   110   111
     205   1   1   1   0   1    282   283   309   307   706   705   730   681
     206   1   1   1   0   1    706   705   730   681   135   134   108   110
     207   1   1   1   0   1    283   284   308   309   705   704   680   730
     208   1   1   1   0   1    705   704   680   730   134   133   109   108
     209   1   1   1   0   1    283   265   285   284   705   723   703   704
     210   1   1   1   0   1    705   723   703   704   134   152   132   133
     211   1   1   1   0   1    265   266   286   285   723   722   702   703
     212   1   1   1   0   1    723   722   702   703   152   151   131   132
     213   1   1   1   0   1    266   267   287   286   722   721   701   702
     214   1   1   1   0   1    722   721   701   702   151   150   130   131
     215   1   1   1   0   1    267   268   288   287   721   720   700   701
     216   1   1   1   0   1    721   720   700   701   150   149   129   130
     217   1   1   1   0   1    268   269   289   288   720   719   699   700
     218   1   1   1   0   1    720   719   699   700   149   148   128   129
     219   1   1   1   0   1    269   270   290   289   719   718   698   699
     220   1   1   1   0   1    719   718   698   699   148   147   127   128
 
    ELEM MAT TYP REL ESY SEC        NODES
 
     221   1   1   1   0   1    270   271   291   290   718   717   697   698
     222   1   1   1   0   1    718   717   697   698   147   146   126   127
     223   1   1   1   0   1    271   310   292   291   717   731   696   697
     224   1   1   1   0   1    717   731   696   697   146   107   125   126
     225   1   1   1   0   1    310   274   293   292   731   714   695   696
     226   1   1   1   0   1    731   714   695   696   107   143   124   125
     227   1   1   1   0   1    272   260   276   275   716   728   712   713
     228   1   1   1   0   1    716   728   712   713   145   157   141   142
     229   1   1   1   0   1    260   259   277   276   728   729   711   712
     230   1   1   1   0   1    728   729   711   712   157   158   140   141
     231   1   1   1   0   1    259   261   278   277   729   727   710   711
     232   1   1   1   0   1    729   727   710   711   158   156   139   140
     233   1   1   1   0   1    261   262   279   278   727   726   709   710
     234   1   1   1   0   1    727   726   709   710   156   155   138   139
     235   1   1   1   0   1    262   263   280   279   726   725   708   709
     236   1   1   1   0   1    726   725   708   709   155   154   137   138
     237   1   1   1   0   1    263   264   281   280   725   724   707   708
     238   1   1   1   0   1    725   724   707   708   154   153   136   137
     239   1   1   1   0   1    264   266   282   281   724   722   706   707
     240   1   1   1   0   1    724   722   706   707   153   151   135   136
 
    ELEM MAT TYP REL ESY SEC        NODES
 
     241   1   1   1   0   1    266   265   283   282   722   723   705   706
     242   1   1   1   0   1    722   723   705   706   151   152   134   135
     243   1   1   1   0   1    264   311   267   266   724   732   721   722
     244   1   1   1   0   1    724   732   721   722   153   106   150   151
     245   1   1   1   0   1    311   312   268   267   732   733   720   721
     246   1   1   1   0   1    732   733   720   721   106   105   149   150
     247   1   1   1   0   1    310   313   273   274   731   734   715   714
     248   1   1   1   0   1    731   734   715   714   107   104   144   143
     249   1   1   1   0   1    313   260   272   273   734   728   716   715
     250   1   1   1   0   1    734   728   716   715   104   157   145   144
     251   1   1   1   0   1    314   313   310   271   735   734   731   717
     252   1   1   1   0   1    735   734   731   717   103   104   107   146
     253   1   1   1   0   1    314   259   260   313   735   729   728   734
     254   1   1   1   0   1    735   729   728   734   103   158   157   104
     255   1   1   1   0   1    259   314   271   270   729   735   717   718
     256   1   1   1   0   1    729   735   717   718   158   103   146   147
     257   1   1   1   0   1    269   261   259   270   719   727   729   718
     258   1   1   1   0   1    719   727   729   718   148   156   158   147
     259   1   1   1   0   1    312   261   269   268   733   727   719   720
     260   1   1   1   0   1    733   727   719   720   105   156   148   149
 
    ELEM MAT TYP REL ESY SEC        NODES
 
     261   1   1   1   0   1    311   262   261   312   732   726   727   733
     262   1   1   1   0   1    732   726   727   733   106   155   156   105
     263   1   1   1   0   1    262   311   264   263   726   732   724   725
     264   1   1   1   0   1    726   732   724   725   155   106   153   154
     265   1   1   1   0   1    459   368   440   439   563   736   524   537
     266   1   1   1   0   1    563   736   524   537   575    95   535   536
     267   1   1   1   0   1    368   391   438   440   736   759   523   524
     268   1   1   1   0   1    736   759   523   524    95    72   534   535
     269   1   1   1   0   1    391   390   437   438   759   758   522   523
     270   1   1   1   0   1    759   758   522   523    72    73   533   534
     271   1   1   1   0   1    390   389   436   437   758   757   521   522
     272   1   1   1   0   1    758   757   521   522    73    74   532   533
     273   1   1   1   0   1    389   388   435   436   757   756   520   521
     274   1   1   1   0   1    757   756   520   521    74    75   531   532
     275   1   1   1   0   1    388   387   434   435   756   755   519   520
     276   1   1   1   0   1    756   755   519   520    75    76   530   531
     277   1   1   1   0   1    387   386   433   434   755   754   518   519
     278   1   1   1   0   1    755   754   518   519    76    77   529   530
     279   1   1   1   0   1    386   385   432   433   754   753   517   518
     280   1   1   1   0   1    754   753   517   518    77    78   528   529
 
    ELEM MAT TYP REL ESY SEC        NODES
 
     281   1   1   1   0   1    385   384   431   432   753   752   516   517
     282   1   1   1   0   1    753   752   516   517    78    79   527   528
     283   1   1   1   0   1    384   383   430   431   752   751   515   516
     284   1   1   1   0   1    752   751   515   516    79    80   526   527
     285   1   1   1   0   1    383   379   429   430   751   747   514   515
     286   1   1   1   0   1    751   747   514   515    80    84   525   526
     287   1   1   1   0   1    379   441   428   429   747   505   499   514
     288   1   1   1   0   1    747   505   499   514    84   506   498   525
     289   1   1   1   0   1    379   380   442   441   747   748   504   505
     290   1   1   1   0   1    747   748   504   505    84    83   507   506
     291   1   1   1   0   1    380   381   443   442   748   749   503   504
     292   1   1   1   0   1    748   749   503   504    83    82   508   507
     293   1   1   1   0   1    381   382   444   443   749   750   502   503
     294   1   1   1   0   1    749   750   502   503    82    81   509   508
     295   1   1   1   0   1    382   378   445   444   750   746   501   502
     296   1   1   1   0   1    750   746   501   502    81    85   510   509
     297   1   1   1   0   1    378   367   446   445   746   776   500   501
     298   1   1   1   0   1    746   776   500   501    85    96   511   510
     299   1   1   1   0   1    367   448   447   446   776   552   513   500
     300   1   1   1   0   1    776   552   513   500    96   564   512   511
 
    ELEM MAT TYP REL ESY SEC        NODES
 
     301   1   1   1   0   1    367   377   449   448   776   745   553   552
     302   1   1   1   0   1    776   745   553   552    96    86   565   564
     303   1   1   1   0   1    377   376   450   449   745   744   554   553
     304   1   1   1   0   1    745   744   554   553    86    87   566   565
     305   1   1   1   0   1    376   375   451   450   744   743   555   554
     306   1   1   1   0   1    744   743   555   554    87    88   567   566
     307   1   1   1   0   1    375   374   452   451   743   742   556   555
     308   1   1   1   0   1    743   742   556   555    88    89   568   567
     309   1   1   1   0   1    374   373   453   452   742   741   557   556
     310   1   1   1   0   1    742   741   557   556    89    90   569   568
     311   1   1   1   0   1    373   372   454   453   741   740   558   557
     312   1   1   1   0   1    741   740   558   557    90    91   570   569
     313   1   1   1   0   1    372   371   455   454   740   739   559   558
     314   1   1   1   0   1    740   739   559   558    91    92   571   570
     315   1   1   1   0   1    371   370   456   455   739   738   560   559
     316   1   1   1   0   1    739   738   560   559    92    93   572   571
     317   1   1   1   0   1    370   369   457   456   738   737   561   560
     318   1   1   1   0   1    738   737   561   560    93    94   573   572
     319   1   1   1   0   1    369   366   458   457   737   777   562   561
     320   1   1   1   0   1    737   777   562   561    94    97   574   573
 
    ELEM MAT TYP REL ESY SEC        NODES
 
     321   1   1   1   0   1    366   368   459   458   777   736   563   562
     322   1   1   1   0   1    777   736   563   562    97    95   575   574
     323   1   1   1   0   1    383   400   380   379   751   768   748   747
     324   1   1   1   0   1    751   768   748   747    80    63    83    84
     325   1   1   1   0   1    400   401   381   380   768   769   749   748
     326   1   1   1   0   1    768   769   749   748    63    62    82    83
     327   1   1   1   0   1    401   402   382   381   769   770   750   749
     328   1   1   1   0   1    769   770   750   749    62    61    81    82
     329   1   1   1   0   1    402   399   378   382   770   767   746   750
     330   1   1   1   0   1    770   767   746   750    61    64    85    81
     331   1   1   1   0   1    399   377   367   378   767   745   776   746
     332   1   1   1   0   1    767   745   776   746    64    86    96    85
     333   1   1   1   0   1    399   398   376   377   767   766   744   745
     334   1   1   1   0   1    767   766   744   745    64    65    87    86
     335   1   1   1   0   1    398   397   375   376   766   765   743   744
     336   1   1   1   0   1    766   765   743   744    65    66    88    87
     337   1   1   1   0   1    397   396   374   375   765   764   742   743
     338   1   1   1   0   1    765   764   742   743    66    67    89    88
     339   1   1   1   0   1    366   365   391   368   777   778   759   736
     340   1   1   1   0   1    777   778   759   736    97    98    72    95
 
    ELEM MAT TYP REL ESY SEC        NODES
 
     341   1   1   1   0   1    365   364   390   391   778   779   758   759
     342   1   1   1   0   1    778   779   758   759    98    99    73    72
     343   1   1   1   0   1    364   393   389   390   779   761   757   758
     344   1   1   1   0   1    779   761   757   758    99    70    74    73
     345   1   1   1   0   1    393   406   388   389   761   774   756   757
     346   1   1   1   0   1    761   774   756   757    70    57    75    74
     347   1   1   1   0   1    406   405   387   388   774   773   755   756
     348   1   1   1   0   1    774   773   755   756    57    58    76    75
     349   1   1   1   0   1    396   395   373   374   764   763   741   742
     350   1   1   1   0   1    764   763   741   742    67    68    90    89
     351   1   1   1   0   1    405   404   386   387   773   772   754   755
     352   1   1   1   0   1    773   772   754   755    58    59    77    76
     353   1   1   1   0   1    395   394   372   373   763   762   740   741
     354   1   1   1   0   1    763   762   740   741    68    69    91    90
     355   1   1   1   0   1    363   400   383   384   780   768   751   752
     356   1   1   1   0   1    780   768   751   752   100    63    80    79
     357   1   1   1   0   1    362   365   366   369   781   778   777   737
     358   1   1   1   0   1    781   778   777   737   101    98    97    94
     359   1   1   1   0   1    392   364   365   362   760   779   778   781
     360   1   1   1   0   1    760   779   778   781    71    99    98   101
 
    ELEM MAT TYP REL ESY SEC        NODES
 
     361   1   1   1   0   1    392   361   393   364   760   782   761   779
     362   1   1   1   0   1    760   782   761   779    71   102    70    99
     363   1   1   1   0   1    395   405   406   394   763   773   774   762
     364   1   1   1   0   1    763   773   774   762    68    58    57    69
     365   1   1   1   0   1    402   407   398   399   770   775   766   767
     366   1   1   1   0   1    770   775   766   767    61    56    65    64
     367   1   1   1   0   1    405   407   403   404   773   775   771   772
     368   1   1   1   0   1    773   775   771   772    58    56    60    59
     369   1   1   1   0   1    401   403   407   402   769   771   775   770
     370   1   1   1   0   1    769   771   775   770    62    60    56    61
     371   1   1   1   0   1    403   401   400   363   771   769   768   780
     372   1   1   1   0   1    771   769   768   780    60    62    63   100
     373   1   1   1   0   1    396   397   398   407   764   765   766   775
     374   1   1   1   0   1    764   765   766   775    67    66    65    56
     375   1   1   1   0   1    405   395   396   407   773   763   764   775
     376   1   1   1   0   1    773   763   764   775    58    68    67    56
     377   1   1   1   0   1    408   385   386   404   783   753   754   772
     378   1   1   1   0   1    783   753   754   772    55    78    77    59
     379   1   1   1   0   1    363   384   385   408   780   752   753   783
     380   1   1   1   0   1    780   752   753   783   100    79    78    55
 
    ELEM MAT TYP REL ESY SEC        NODES
 
     381   1   1   1   0   1    363   408   404   403   780   783   772   771
     382   1   1   1   0   1    780   783   772   771   100    55    59    60
     383   1   1   1   0   1    394   406   393   361   762   774   761   782
     384   1   1   1   0   1    762   774   761   782    69    57    70   102
     385   1   1   1   0   1    371   372   394   361   739   740   762   782
     386   1   1   1   0   1    739   740   762   782    92    91    69   102
     387   1   1   1   0   1    369   370   392   362   737   738   760   781
     388   1   1   1   0   1    737   738   760   781    94    93    71   101
     389   1   1   1   0   1    370   371   361   392   738   739   782   760
     390   1   1   1   0   1    738   739   782   760    93    92   102    71
     391   1   1   1   0   1    416   232   409   415   599   803   489   497
     392   1   1   1   0   1    599   803   489   497   600    27   490   496
     393   1   1   1   0   1    232   231   410   409   803   804   488   489
     394   1   1   1   0   1    803   804   488   489    27    28   491   490
     395   1   1   1   0   1    231   230   411   410   804   805   487   488
     396   1   1   1   0   1    804   805   487   488    28    29   492   491
     397   1   1   1   0   1    230   229   412   411   805   806   486   487
     398   1   1   1   0   1    805   806   486   487    29    30   493   492
     399   1   1   1   0   1    229   228   413   412   806   807   485   486
     400   1   1   1   0   1    806   807   485   486    30    31   494   493
 
    ELEM MAT TYP REL ESY SEC        NODES
 
     401   1   1   1   0   1    228   242   414   413   807   793   484   485
     402   1   1   1   0   1    807   793   484   485    31    17   495   494
     403   1   1   1   0   1    242   429   428   414   793   514   499   484
     404   1   1   1   0   1    793   514   499   484    17   525   498   495
     405   1   1   1   0   1    242   243   430   429   793   792   515   514
     406   1   1   1   0   1    793   792   515   514    17    16   526   525
     407   1   1   1   0   1    243   244   431   430   792   791   516   515
     408   1   1   1   0   1    792   791   516   515    16    15   527   526
     409   1   1   1   0   1    244   245   432   431   791   790   517   516
     410   1   1   1   0   1    791   790   517   516    15    14   528   527
     411   1   1   1   0   1    245   246   433   432   790   789   518   517
     412   1   1   1   0   1    790   789   518   517    14    13   529   528
     413   1   1   1   0   1    246   247   434   433   789   788   519   518
     414   1   1   1   0   1    789   788   519   518    13    12   530   529
     415   1   1   1   0   1    247   248   435   434   788   787   520   519
     416   1   1   1   0   1    788   787   520   519    12    11   531   530
     417   1   1   1   0   1    248   249   436   435   787   786   521   520
     418   1   1   1   0   1    787   786   521   520    11    10   532   531
     419   1   1   1   0   1    249   250   437   436   786   785   522   521
     420   1   1   1   0   1    786   785   522   521    10     9   533   532
 
    ELEM MAT TYP REL ESY SEC        NODES
 
     421   1   1   1   0   1    250   251   438   437   785   784   523   522
     422   1   1   1   0   1    785   784   523   522     9     8   534   533
     423   1   1   1   0   1    251   252   440   438   784   830   524   523
     424   1   1   1   0   1    784   830   524   523     8     7   535   534
     425   1   1   1   0   1    252   427   439   440   830   588   537   524
     426   1   1   1   0   1    830   588   537   524     7   611   536   535
     427   1   1   1   0   1    252   241   426   427   830   794   589   588
     428   1   1   1   0   1    830   794   589   588     7    18   610   611
     429   1   1   1   0   1    241   240   425   426   794   795   590   589
     430   1   1   1   0   1    794   795   590   589    18    19   609   610
     431   1   1   1   0   1    240   239   424   425   795   796   591   590
     432   1   1   1   0   1    795   796   591   590    19    20   608   609
     433   1   1   1   0   1    239   238   423   424   796   797   592   591
     434   1   1   1   0   1    796   797   592   591    20    21   607   608
     435   1   1   1   0   1    238   237   422   423   797   798   593   592
     436   1   1   1   0   1    797   798   593   592    21    22   606   607
     437   1   1   1   0   1    237   236   421   422   798   799   594   593
     438   1   1   1   0   1    798   799   594   593    22    23   605   606
     439   1   1   1   0   1    236   235   420   421   799   800   595   594
     440   1   1   1   0   1    799   800   595   594    23    24   604   605
 
    ELEM MAT TYP REL ESY SEC        NODES
 
     441   1   1   1   0   1    235   234   419   420   800   801   596   595
     442   1   1   1   0   1    800   801   596   595    24    25   603   604
     443   1   1   1   0   1    234   233   418   419   801   802   597   596
     444   1   1   1   0   1    801   802   597   596    25    26   602   603
     445   1   1   1   0   1    233   253   417   418   802   831   598   597
     446   1   1   1   0   1    802   831   598   597    26     6   601   602
     447   1   1   1   0   1    253   232   416   417   831   803   599   598
     448   1   1   1   0   1    831   803   599   598     6    27   600   601
     449   1   1   1   0   1    228   219   243   242   807   816   792   793
     450   1   1   1   0   1    807   816   792   793    31    40    16    17
     451   1   1   1   0   1    219   220   244   243   816   815   791   792
     452   1   1   1   0   1    816   815   791   792    40    39    15    16
     453   1   1   1   0   1    220   221   245   244   815   814   790   791
     454   1   1   1   0   1    815   814   790   791    39    38    14    15
     455   1   1   1   0   1    221   222   246   245   814   813   789   790
     456   1   1   1   0   1    814   813   789   790    38    37    13    14
     457   1   1   1   0   1    222   223   247   246   813   812   788   789
     458   1   1   1   0   1    813   812   788   789    37    36    12    13
     459   1   1   1   0   1    223   224   248   247   812   811   787   788
     460   1   1   1   0   1    812   811   787   788    36    35    11    12
 
    ELEM MAT TYP REL ESY SEC        NODES
 
     461   1   1   1   0   1    224   225   249   248   811   810   786   787
     462   1   1   1   0   1    811   810   786   787    35    34    10    11
     463   1   1   1   0   1    225   226   250   249   810   809   785   786
     464   1   1   1   0   1    810   809   785   786    34    33     9    10
     465   1   1   1   0   1    226   227   251   250   809   808   784   785
     466   1   1   1   0   1    809   808   784   785    33    32     8     9
     467   1   1   1   0   1    227   241   252   251   808   794   830   784
     468   1   1   1   0   1    808   794   830   784    32    18     7     8
     469   1   1   1   0   1    227   218   240   241   808   817   795   794
     470   1   1   1   0   1    808   817   795   794    32    41    19    18
     471   1   1   1   0   1    218   217   239   240   817   818   796   795
     472   1   1   1   0   1    817   818   796   795    41    42    20    19
     473   1   1   1   0   1    217   216   238   239   818   819   797   796
     474   1   1   1   0   1    818   819   797   796    42    43    21    20
     475   1   1   1   0   1    216   215   237   238   819   820   798   797
     476   1   1   1   0   1    819   820   798   797    43    44    22    21
     477   1   1   1   0   1    215   214   236   237   820   821   799   798
     478   1   1   1   0   1    820   821   799   798    44    45    23    22
     479   1   1   1   0   1    214   213   235   236   821   822   800   799
     480   1   1   1   0   1    821   822   800   799    45    46    24    23
 
    ELEM MAT TYP REL ESY SEC        NODES
 
     481   1   1   1   0   1    213   212   234   235   822   823   801   800
     482   1   1   1   0   1    822   823   801   800    46    47    25    24
     483   1   1   1   0   1    212   211   233   234   823   824   802   801
     484   1   1   1   0   1    823   824   802   801    47    48    26    25
     485   1   1   1   0   1    211   254   253   233   824   832   831   802
     486   1   1   1   0   1    824   832   831   802    48     5     6    26
     487   1   1   1   0   1    254   231   232   253   832   804   803   831
     488   1   1   1   0   1    832   804   803   831     5    28    27     6
     489   1   1   1   0   1    210   219   228   229   825   816   807   806
     490   1   1   1   0   1    825   816   807   806    49    40    31    30
     491   1   1   1   0   1    255   210   229   230   833   825   806   805
     492   1   1   1   0   1    833   825   806   805     4    49    30    29
     493   1   1   1   0   1    256   209   216   217   834   826   819   818
     494   1   1   1   0   1    834   826   819   818     3    50    43    42
     495   1   1   1   0   1    209   208   215   216   826   827   820   819
     496   1   1   1   0   1    826   827   820   819    50    51    44    43
     497   1   1   1   0   1    208   207   214   215   827   828   821   820
     498   1   1   1   0   1    827   828   821   820    51    52    45    44
     499   1   1   1   0   1    207   206   213   214   828   829   822   821
     500   1   1   1   0   1    828   829   822   821    52    53    46    45
 
    ELEM MAT TYP REL ESY SEC        NODES
 
     501   1   1   1   0   1    210   258   220   219   825   836   815   816
     502   1   1   1   0   1    825   836   815   816    49     1    39    40
     503   1   1   1   0   1    258   206   221   220   836   829   814   815
     504   1   1   1   0   1    836   829   814   815     1    53    38    39
     505   1   1   1   0   1    207   222   221   206   828   813   814   829
     506   1   1   1   0   1    828   813   814   829    52    37    38    53
     507   1   1   1   0   1    208   223   222   207   827   812   813   828
     508   1   1   1   0   1    827   812   813   828    51    36    37    52
     509   1   1   1   0   1    209   224   223   208   826   811   812   827
     510   1   1   1   0   1    826   811   812   827    50    35    36    51
     511   1   1   1   0   1    224   209   256   225   811   826   834   810
     512   1   1   1   0   1    811   826   834   810    35    50     3    34
     513   1   1   1   0   1    255   254   211   257   833   832   824   835
     514   1   1   1   0   1    833   832   824   835     4     5    48     2
     515   1   1   1   0   1    255   230   231   254   833   805   804   832
     516   1   1   1   0   1    833   805   804   832     4    29    28     5
     517   1   1   1   0   1    256   205   226   225   834   837   809   810
     518   1   1   1   0   1    834   837   809   810     3    54    33    34
     519   1   1   1   0   1    205   218   227   226   837   817   808   809
     520   1   1   1   0   1    837   817   808   809    54    41    32    33
 
    ELEM MAT TYP REL ESY SEC        NODES
 
     521   1   1   1   0   1    218   205   256   217   817   837   834   818
     522   1   1   1   0   1    817   837   834   818    41    54     3    42
     523   1   1   1   0   1    257   258   210   255   835   836   825   833
     524   1   1   1   0   1    835   836   825   833     2     1    49     4
     525   1   1   1   0   1    257   211   212   258   835   824   823   836
     526   1   1   1   0   1    835   824   823   836     2    48    47     1
     527   1   1   1   0   1    258   212   213   206   836   823   822   829
     528   1   1   1   0   1    836   823   822   829     1    47    46    53

