
 LIST ALL SELECTED NODES.   DSYS=      0

    NODE        X            Y            Z          THXY     THYZ     THZX
        1   18.261      -14.465      -17.509         0.00     0.00     0.00
        2   21.146      -11.742      -14.661         0.00     0.00     0.00
        3   13.634      -38.122      -12.505         0.00     0.00     0.00
        4   20.959      -8.4999      -15.686         0.00     0.00     0.00
        5   23.904      -8.5028      -10.672         0.00     0.00     0.00
        6   25.554      -8.9646      -5.4137         0.00     0.00     0.00
        7   5.0670      -48.032      -5.2391         0.00     0.00     0.00
        8   5.0303      -46.193      -9.7673         0.00     0.00     0.00
        9   4.9235      -43.012      -13.888         0.00     0.00     0.00
       10   4.9737      -39.169      -17.101         0.00     0.00     0.00
       11   5.5022      -34.770      -19.583         0.00     0.00     0.00
       12   5.9399      -30.066      -21.305         0.00     0.00     0.00
       13   6.2201      -25.065      -22.536         0.00     0.00     0.00
       14   6.4249      -19.917      -23.511         0.00     0.00     0.00
       15   6.3947      -14.987      -24.388         0.00     0.00     0.00
       16   6.1325      -10.394      -25.193         0.00     0.00     0.00
       17   6.1034      -5.2671      -25.800         0.00     0.00     0.00
       18   9.3963      -46.398      -5.0484         0.00     0.00     0.00
       19   13.325      -43.618      -4.7335         0.00     0.00     0.00
       20   16.505      -40.158      -4.4989         0.00     0.00     0.00

    NODE        X            Y            Z          THXY     THYZ     THZX
       21   19.103      -36.025      -4.8790         0.00     0.00     0.00
       22   20.962      -31.559      -5.3618         0.00     0.00     0.00
       23   22.237      -26.864      -5.7608         0.00     0.00     0.00
       24   23.208      -22.206      -5.9375         0.00     0.00     0.00
       25   24.100      -17.630      -5.7134         0.00     0.00     0.00
       26   24.946      -13.412      -5.1391         0.00     0.00     0.00
       27   25.953      -4.6455      -5.6548         0.00     0.00     0.00
       28   24.121      -4.6730      -11.118         0.00     0.00     0.00
       29   21.016      -4.4972      -16.262         0.00     0.00     0.00
       30   16.887      -4.8226      -20.485         0.00     0.00     0.00
       31   11.858      -5.1995      -23.719         0.00     0.00     0.00
       32   9.0348      -44.796      -9.1415         0.00     0.00     0.00
       33   8.8500      -42.070      -12.830         0.00     0.00     0.00
       34   9.6237      -38.430      -15.568         0.00     0.00     0.00
       35   10.747      -34.409      -17.465         0.00     0.00     0.00
       36   11.561      -29.914      -18.909         0.00     0.00     0.00
       37   12.061      -24.943      -20.057         0.00     0.00     0.00
       38   12.454      -19.649      -21.006         0.00     0.00     0.00
       39   12.580      -14.566      -21.930         0.00     0.00     0.00
       40   11.951      -9.9979      -23.073         0.00     0.00     0.00

    NODE        X            Y            Z          THXY     THYZ     THZX
       41   12.729      -42.413      -8.4622         0.00     0.00     0.00
       42   15.644      -39.007      -8.7396         0.00     0.00     0.00
       43   17.773      -35.195      -9.4663         0.00     0.00     0.00
       44   19.279      -30.680      -10.447         0.00     0.00     0.00
       45   20.277      -25.888      -11.267         0.00     0.00     0.00
       46   21.071      -20.982      -11.867         0.00     0.00     0.00
       47   22.088      -16.598      -11.587         0.00     0.00     0.00
       48   23.471      -12.567      -10.230         0.00     0.00     0.00
       49   16.930      -9.2509      -19.843         0.00     0.00     0.00
       50   15.215      -34.483      -13.699         0.00     0.00     0.00
       51   16.402      -29.932      -14.898         0.00     0.00     0.00
       52   17.004      -25.047      -16.050         0.00     0.00     0.00
       53   17.410      -19.988      -17.040         0.00     0.00     0.00
       54   11.883      -40.996      -11.405         0.00     0.00     0.00
       55  -10.931      -16.794      -22.383         0.00     0.00     0.00
       56  -19.317      -17.096      -15.646         0.00     0.00     0.00
       57  -13.593      -31.766      -16.741         0.00     0.00     0.00
       58  -15.084      -24.869      -17.916         0.00     0.00     0.00
       59  -13.071      -19.514      -20.656         0.00     0.00     0.00
       60  -15.934      -15.275      -19.477         0.00     0.00     0.00

    NODE        X            Y            Z          THXY     THYZ     THZX
       61  -20.407      -10.110      -16.060         0.00     0.00     0.00
       62  -16.833      -9.8476      -19.821         0.00     0.00     0.00
       63  -12.319      -9.9102      -22.892         0.00     0.00     0.00
       64  -23.375      -9.5774      -11.478         0.00     0.00     0.00
       65  -22.927      -13.979      -10.881         0.00     0.00     0.00
       66  -22.912      -17.829      -9.3193         0.00     0.00     0.00
       67  -21.157      -21.073      -11.677         0.00     0.00     0.00
       68  -19.427      -26.186      -12.552         0.00     0.00     0.00
       69  -17.972      -31.547      -12.055         0.00     0.00     0.00
       70  -12.179      -36.914      -14.878         0.00     0.00     0.00
       71  -14.149      -40.469      -9.1984         0.00     0.00     0.00
       72  -5.4215      -45.797      -10.216         0.00     0.00     0.00
       73  -6.1403      -42.456      -13.956         0.00     0.00     0.00
       74  -6.6386      -38.247      -17.183         0.00     0.00     0.00
       75  -7.7595      -33.231      -19.526         0.00     0.00     0.00
       76  -7.8210      -28.136      -21.263         0.00     0.00     0.00
       77  -6.9400      -23.337      -22.698         0.00     0.00     0.00
       78  -7.0153      -18.016      -23.686         0.00     0.00     0.00
       79  -5.8475      -14.067      -24.681         0.00     0.00     0.00
       80  -6.1578      -10.158      -25.221         0.00     0.00     0.00

    NODE        X            Y            Z          THXY     THYZ     THZX
       81  -20.819      -4.6656      -16.493         0.00     0.00     0.00
       82  -16.851      -4.8192      -20.515         0.00     0.00     0.00
       83  -12.073      -5.1590      -23.614         0.00     0.00     0.00
       84  -6.2291      -5.3977      -25.759         0.00     0.00     0.00
       85  -23.817      -4.9041      -11.713         0.00     0.00     0.00
       86  -25.379      -9.5026      -5.8775         0.00     0.00     0.00
       87  -24.836      -13.735      -5.4076         0.00     0.00     0.00
       88  -23.845      -18.640      -6.0299         0.00     0.00     0.00
       89  -23.079      -22.989      -5.8323         0.00     0.00     0.00
       90  -21.930      -27.424      -6.3671         0.00     0.00     0.00
       91  -20.495      -32.128      -6.2764         0.00     0.00     0.00
       92  -18.549      -36.741      -5.4229         0.00     0.00     0.00
       93  -16.076      -40.614      -4.7576         0.00     0.00     0.00
       94  -12.808      -44.263      -4.1396         0.00     0.00     0.00
       95  -5.2126      -48.036      -5.0807         0.00     0.00     0.00
       96  -25.828      -4.8846      -6.1201         0.00     0.00     0.00
       97  -9.1299      -46.645      -4.6795         0.00     0.00     0.00
       98  -8.6791      -44.878      -9.3460         0.00     0.00     0.00
       99  -10.605      -41.152      -12.439         0.00     0.00     0.00
      100  -12.198      -13.486      -22.345         0.00     0.00     0.00

    NODE        X            Y            Z          THXY     THYZ     THZX
      101  -12.141      -43.422      -7.6259         0.00     0.00     0.00
      102  -16.230      -36.406      -10.829         0.00     0.00     0.00
      103  -20.477      -16.780       14.187         0.00     0.00     0.00
      104  -20.352      -13.107       15.395         0.00     0.00     0.00
      105  -18.023      -31.099       12.250         0.00     0.00     0.00
      106  -16.397      -33.731       12.806         0.00     0.00     0.00
      107  -23.276      -12.795       10.580         0.00     0.00     0.00
      108  -5.2850      -46.069       9.8442         0.00     0.00     0.00
      109  -5.1710      -48.031       5.1432         0.00     0.00     0.00
      110  -5.2415      -43.022       13.761         0.00     0.00     0.00
      111  -4.9750      -39.278       17.023         0.00     0.00     0.00
      112  -5.1363      -34.860       19.638         0.00     0.00     0.00
      113  -6.0520      -30.000       21.294         0.00     0.00     0.00
      114  -6.1628      -25.055       22.554         0.00     0.00     0.00
      115  -6.2846      -19.962       23.541         0.00     0.00     0.00
      116  -6.1497      -14.928       24.461         0.00     0.00     0.00
      117  -6.0277      -10.202       25.246         0.00     0.00     0.00
      118  -6.0038      -5.1480       25.834         0.00     0.00     0.00
      119  -25.907      -4.5775       5.8841         0.00     0.00     0.00
      120  -23.979      -4.6142       11.431         0.00     0.00     0.00

    NODE        X            Y            Z          THXY     THYZ     THZX
      121  -20.790      -4.4993       16.549         0.00     0.00     0.00
      122  -16.660      -4.8176       20.670         0.00     0.00     0.00
      123  -11.601      -5.0041       23.863         0.00     0.00     0.00
      124  -25.495      -9.0149       5.6542         0.00     0.00     0.00
      125  -24.875      -13.452       5.4411         0.00     0.00     0.00
      126  -24.114      -17.947       5.4126         0.00     0.00     0.00
      127  -23.235      -22.632       5.4859         0.00     0.00     0.00
      128  -22.255      -27.277       5.2730         0.00     0.00     0.00
      129  -20.948      -31.951       4.8368         0.00     0.00     0.00
      130  -18.869      -36.553       4.6384         0.00     0.00     0.00
      131  -16.358      -40.320       4.5810         0.00     0.00     0.00
      132  -13.415      -43.698       4.2091         0.00     0.00     0.00
      133  -9.5957      -46.380       4.7223         0.00     0.00     0.00
      134  -9.5952      -44.552       8.9717         0.00     0.00     0.00
      135  -9.8576      -41.694       12.483         0.00     0.00     0.00
      136  -9.7451      -38.491       15.445         0.00     0.00     0.00
      137  -9.5656      -34.603       18.039         0.00     0.00     0.00
      138  -10.670      -30.020       19.389         0.00     0.00     0.00
      139  -12.236      -25.387       19.839         0.00     0.00     0.00
      140  -12.303      -19.796       21.065         0.00     0.00     0.00

    NODE        X            Y            Z          THXY     THYZ     THZX
      141  -11.899      -14.606       22.299         0.00     0.00     0.00
      142  -11.617      -9.7451       23.281         0.00     0.00     0.00
      143  -23.660      -8.6883       11.150         0.00     0.00     0.00
      144  -20.605      -8.8155       16.085         0.00     0.00     0.00
      145  -16.510      -9.1921       20.204         0.00     0.00     0.00
      146  -22.478      -17.442       10.477         0.00     0.00     0.00
      147  -21.270      -22.124       11.053         0.00     0.00     0.00
      148  -20.487      -26.453       10.602         0.00     0.00     0.00
      149  -19.721      -31.263       9.1425         0.00     0.00     0.00
      150  -17.802      -35.734       8.8209         0.00     0.00     0.00
      151  -14.494      -39.715       9.6790         0.00     0.00     0.00
      152  -12.675      -42.961       7.6073         0.00     0.00     0.00
      153  -14.168      -36.797       13.096         0.00     0.00     0.00
      154  -12.847      -34.263       16.069         0.00     0.00     0.00
      155  -14.292      -31.096       16.452         0.00     0.00     0.00
      156  -17.171      -27.150       15.155         0.00     0.00     0.00
      157  -16.532      -14.109       19.226         0.00     0.00     0.00
      158  -17.548      -20.287       16.820         0.00     0.00     0.00
      159   9.8615      -42.269       11.845         0.00     0.00     0.00
      160   11.270      -38.318       14.513         0.00     0.00     0.00

    NODE        X            Y            Z          THXY     THYZ     THZX
      161   12.557      -34.044       16.418         0.00     0.00     0.00
      162   13.675      -29.319       17.660         0.00     0.00     0.00
      163   14.691      -24.211       18.417         0.00     0.00     0.00
      164   15.412      -18.891       19.113         0.00     0.00     0.00
      165   16.218      -13.566       19.607         0.00     0.00     0.00
      166   4.9081      -46.541       9.2071         0.00     0.00     0.00
      167   11.709      -44.138       6.9111         0.00     0.00     0.00
      168   13.593      -41.037       9.2431         0.00     0.00     0.00
      169   15.580      -37.584       10.580         0.00     0.00     0.00
      170   17.298      -33.444       11.774         0.00     0.00     0.00
      171   18.605      -28.840       12.597         0.00     0.00     0.00
      172   19.661      -23.867       13.107         0.00     0.00     0.00
      173   20.722      -18.716       13.226         0.00     0.00     0.00
      174   21.633      -13.805       13.324         0.00     0.00     0.00
      175   23.266      -9.2111       11.803         0.00     0.00     0.00
      176   20.132      -8.7556       16.685         0.00     0.00     0.00
      177   17.388      -7.7423       19.689         0.00     0.00     0.00
      178   14.492      -9.9646       21.573         0.00     0.00     0.00
      179   5.5452      -43.107       13.554         0.00     0.00     0.00
      180   5.9093      -39.149       16.815         0.00     0.00     0.00

    NODE        X            Y            Z          THXY     THYZ     THZX
      181   6.6083      -34.645       19.299         0.00     0.00     0.00
      182   7.2801      -29.771       20.978         0.00     0.00     0.00
      183   8.0808      -24.501       22.065         0.00     0.00     0.00
      184   8.3329      -19.258       23.028         0.00     0.00     0.00
      185   8.1746      -14.466       23.941         0.00     0.00     0.00
      186   7.6253      -10.054       24.832         0.00     0.00     0.00
      187   4.8156      -48.212       4.7588         0.00     0.00     0.00
      188   8.8984      -46.869       4.2568         0.00     0.00     0.00
      189   12.678      -44.478       3.7492         0.00     0.00     0.00
      190   15.806      -40.990       4.6475         0.00     0.00     0.00
      191   18.214      -37.270       5.4793         0.00     0.00     0.00
      192   20.254      -32.975       5.9639         0.00     0.00     0.00
      193   21.715      -28.301       6.3058         0.00     0.00     0.00
      194   22.752      -23.461       6.6748         0.00     0.00     0.00
      195   23.652      -18.550       6.8046         0.00     0.00     0.00
      196   24.495      -13.866       6.7079         0.00     0.00     0.00
      197   25.291      -9.6295       6.1756         0.00     0.00     0.00
      198   23.835      -4.7230       11.709         0.00     0.00     0.00
      199   20.784      -4.0868       16.604         0.00     0.00     0.00
      200   17.046      -3.9484       20.436         0.00     0.00     0.00

    NODE        X            Y            Z          THXY     THYZ     THZX
      201   12.788      -4.5405       23.290         0.00     0.00     0.00
      202   7.0327      -5.2433       25.564         0.00     0.00     0.00
      203   25.833      -4.7900       6.1329         0.00     0.00     0.00
      204   8.6305      -45.650       8.0002         0.00     0.00     0.00
      205   8.8215      -34.296      -8.4667         0.00     0.00     0.00
      206   12.268      -17.310      -12.008         0.00     0.00     0.00
      207   11.888      -21.145      -11.221         0.00     0.00     0.00
      208   11.421      -24.910      -10.374         0.00     0.00     0.00
      209   10.726      -28.612      -9.6576         0.00     0.00     0.00
      210   11.861      -8.4398      -13.902         0.00     0.00     0.00
      211   16.550      -11.304      -7.2138         0.00     0.00     0.00
      212   15.608      -14.688      -8.1877         0.00     0.00     0.00
      213   14.828      -18.061      -8.3512         0.00     0.00     0.00
      214   14.160      -21.780      -7.8680         0.00     0.00     0.00
      215   13.432      -25.499      -7.2789         0.00     0.00     0.00
      216   12.581      -29.208      -6.7009         0.00     0.00     0.00
      217   11.404      -32.512      -6.3708         0.00     0.00     0.00
      218   9.5813      -35.587      -6.3698         0.00     0.00     0.00
      219   8.3936      -8.8603      -16.205         0.00     0.00     0.00
      220   8.8881      -13.003      -15.494         0.00     0.00     0.00

    NODE        X            Y            Z          THXY     THYZ     THZX
      221   8.7798      -17.057      -14.808         0.00     0.00     0.00
      222   8.4330      -21.071      -14.024         0.00     0.00     0.00
      223   8.0496      -24.901      -13.165         0.00     0.00     0.00
      224   7.5727      -28.555      -12.307         0.00     0.00     0.00
      225   6.9780      -32.010      -11.288         0.00     0.00     0.00
      226   6.6374      -35.277      -9.6222         0.00     0.00     0.00
      227   6.9676      -37.820      -7.0499         0.00     0.00     0.00
      228   8.2252      -4.3757      -16.452         0.00     0.00     0.00
      229   11.700      -4.2639      -14.193         0.00     0.00     0.00
      230   14.547      -4.1009      -11.256         0.00     0.00     0.00
      231   16.704      -4.0310      -7.6995         0.00     0.00     0.00
      232   17.972      -4.0073      -3.9158         0.00     0.00     0.00
      233   17.656      -11.571      -3.6374         0.00     0.00     0.00
      234   17.060      -15.267      -4.0444         0.00     0.00     0.00
      235   16.324      -18.876      -4.1764         0.00     0.00     0.00
      236   15.515      -22.500      -4.0194         0.00     0.00     0.00
      237   14.625      -26.200      -3.7409         0.00     0.00     0.00
      238   13.596      -29.910      -3.4725         0.00     0.00     0.00
      239   12.161      -33.534      -3.3147         0.00     0.00     0.00
      240   10.155      -36.701      -3.6075         0.00     0.00     0.00

    NODE        X            Y            Z          THXY     THYZ     THZX
      241   7.3673      -39.382      -3.9583         0.00     0.00     0.00
      242   4.2344      -4.3517      -17.899         0.00     0.00     0.00
      243   4.3180      -8.7407      -17.739         0.00     0.00     0.00
      244   4.5324      -12.945      -17.285         0.00     0.00     0.00
      245   4.5400      -17.018      -16.614         0.00     0.00     0.00
      246   4.3570      -21.021      -15.786         0.00     0.00     0.00
      247   4.1390      -24.977      -14.846         0.00     0.00     0.00
      248   3.8842      -28.862      -13.824         0.00     0.00     0.00
      249   3.6295      -32.667      -12.479         0.00     0.00     0.00
      250   3.7263      -36.149      -10.511         0.00     0.00     0.00
      251   3.9359      -39.178      -7.6422         0.00     0.00     0.00
      252   4.0369      -41.077      -4.1741         0.00     0.00     0.00
      253   17.912      -7.7403      -3.7948         0.00     0.00     0.00
      254   16.726      -7.5869      -7.4674         0.00     0.00     0.00
      255   14.658      -7.7552      -10.971         0.00     0.00     0.00
      256   9.8608      -31.735      -9.0439         0.00     0.00     0.00
      257   14.887      -10.651      -10.322         0.00     0.00     0.00
      258   12.896      -12.969      -12.365         0.00     0.00     0.00
      259  -12.361      -17.538       11.848         0.00     0.00     0.00
      260  -11.673      -12.675       13.575         0.00     0.00     0.00

    NODE        X            Y            Z          THXY     THYZ     THZX
      261  -11.972      -22.748       10.566         0.00     0.00     0.00
      262  -9.9619      -25.838       11.467         0.00     0.00     0.00
      263  -9.0461      -28.430       11.315         0.00     0.00     0.00
      264  -10.138      -30.581       9.3713         0.00     0.00     0.00
      265  -9.5937      -36.092       5.7580         0.00     0.00     0.00
      266  -10.633      -33.142       7.1008         0.00     0.00     0.00
      267  -12.644      -29.664       6.2653         0.00     0.00     0.00
      268  -13.751      -25.965       6.3749         0.00     0.00     0.00
      269  -14.296      -22.210       7.3981         0.00     0.00     0.00
      270  -14.942      -18.925       7.7649         0.00     0.00     0.00
      271  -15.879      -15.349       7.4011         0.00     0.00     0.00
      272  -11.565      -8.3780       14.153         0.00     0.00     0.00
      273  -14.421      -8.0422       11.258         0.00     0.00     0.00
      274  -16.560      -7.8101       7.8044         0.00     0.00     0.00
      275  -8.1554      -8.5796       16.345         0.00     0.00     0.00
      276  -8.4093      -13.003       15.759         0.00     0.00     0.00
      277  -8.6716      -17.169       14.847         0.00     0.00     0.00
      278  -8.5494      -21.408       13.862         0.00     0.00     0.00
      279  -7.4293      -24.985       13.501         0.00     0.00     0.00
      280  -6.7471      -28.718       12.724         0.00     0.00     0.00

    NODE        X            Y            Z          THXY     THYZ     THZX
      281  -7.0698      -32.064       11.205         0.00     0.00     0.00
      282  -7.3664      -34.932       9.3280         0.00     0.00     0.00
      283  -7.3811      -37.587       6.9015         0.00     0.00     0.00
      284  -7.5225      -39.364       3.7020         0.00     0.00     0.00
      285  -10.232      -36.775       3.2106         0.00     0.00     0.00
      286  -12.070      -33.679       3.3803         0.00     0.00     0.00
      287  -13.480      -30.362       3.3137         0.00     0.00     0.00
      288  -14.628      -26.517       3.3776         0.00     0.00     0.00
      289  -15.525      -22.799       3.6784         0.00     0.00     0.00
      290  -16.337      -19.176       3.8573         0.00     0.00     0.00
      291  -17.070      -15.497       3.8315         0.00     0.00     0.00
      292  -17.603      -11.649       3.8504         0.00     0.00     0.00
      293  -17.874      -7.7836       3.9640         0.00     0.00     0.00
      294  -8.0421      -4.2108       16.542         0.00     0.00     0.00
      295  -11.543      -4.2332       14.321         0.00     0.00     0.00
      296  -14.391      -4.1031       11.455         0.00     0.00     0.00
      297  -16.603      -3.9802       7.9148         0.00     0.00     0.00
      298  -17.937      -3.9484       4.0738         0.00     0.00     0.00
      299  -4.1637      -4.2398       17.916         0.00     0.00     0.00
      300  -4.2419      -8.5821       17.767         0.00     0.00     0.00

    NODE        X            Y            Z          THXY     THYZ     THZX
      301  -4.3594      -12.868       17.340         0.00     0.00     0.00
      302  -4.4409      -17.046       16.635         0.00     0.00     0.00
      303  -4.3171      -21.009       15.799         0.00     0.00     0.00
      304  -4.2168      -24.929       14.837         0.00     0.00     0.00
      305  -3.6280      -28.934       13.871         0.00     0.00     0.00
      306  -3.6340      -32.764       12.434         0.00     0.00     0.00
      307  -3.9674      -36.158       10.416         0.00     0.00     0.00
      308  -4.1197      -41.075       4.0976         0.00     0.00     0.00
      309  -4.1299      -39.056       7.6926         0.00     0.00     0.00
      310  -16.416      -11.526       7.4617         0.00     0.00     0.00
      311  -11.518      -27.983       8.9953         0.00     0.00     0.00
      312  -12.563      -25.836       8.5394         0.00     0.00     0.00
      313  -14.356      -11.828       10.859         0.00     0.00     0.00
      314  -14.469      -14.835       10.025         0.00     0.00     0.00
      315   6.7172      -38.642       6.2266         0.00     0.00     0.00
      316   17.896      -3.9411       4.2486         0.00     0.00     0.00
      317   4.8787      -4.3850       17.734         0.00     0.00     0.00
      318   8.8528      -3.9423       16.123         0.00     0.00     0.00
      319   11.780      -3.5970       14.123         0.00     0.00     0.00
      320   14.370      -3.7260       11.480         0.00     0.00     0.00

    NODE        X            Y            Z          THXY     THYZ     THZX
      321   16.509      -3.9941       8.1102         0.00     0.00     0.00
      322   17.768      -8.1522       4.3385         0.00     0.00     0.00
      323   17.323      -12.184       4.7439         0.00     0.00     0.00
      324   16.718      -16.073       4.8096         0.00     0.00     0.00
      325   15.955      -19.903       4.6810         0.00     0.00     0.00
      326   15.127      -23.628       4.3925         0.00     0.00     0.00
      327   14.186      -27.354       4.1772         0.00     0.00     0.00
      328   13.084      -30.984       3.9359         0.00     0.00     0.00
      329   11.737      -34.283       3.4511         0.00     0.00     0.00
      330   9.7497      -37.510       2.8833         0.00     0.00     0.00
      331   7.0066      -39.859       3.3518         0.00     0.00     0.00
      332   3.8440      -41.275       3.7986         0.00     0.00     0.00
      333   5.3595      -8.7248       17.453         0.00     0.00     0.00
      334   5.7788      -12.830       16.925         0.00     0.00     0.00
      335   5.8791      -16.726       16.247         0.00     0.00     0.00
      336   5.6557      -20.714       15.443         0.00     0.00     0.00
      337   5.0692      -24.781       14.607         0.00     0.00     0.00
      338   4.6619      -28.756       13.615         0.00     0.00     0.00
      339   4.3116      -32.649       12.269         0.00     0.00     0.00
      340   4.2010      -36.237       10.268         0.00     0.00     0.00

    NODE        X            Y            Z          THXY     THYZ     THZX
      341   10.169      -9.0728       15.138         0.00     0.00     0.00
      342   12.139      -7.0627       13.745         0.00     0.00     0.00
      343   14.088      -7.9884       11.676         0.00     0.00     0.00
      344   16.302      -8.3413       8.2702         0.00     0.00     0.00
      345   15.270      -12.415       9.4050         0.00     0.00     0.00
      346   14.624      -16.335       9.3343         0.00     0.00     0.00
      347   13.772      -20.247       9.1810         0.00     0.00     0.00
      348   12.955      -24.052       8.7718         0.00     0.00     0.00
      349   12.136      -27.745       8.2610         0.00     0.00     0.00
      350   11.219      -31.262       7.6183         0.00     0.00     0.00
      351   10.096      -34.330       6.8652         0.00     0.00     0.00
      352   8.9700      -37.192       5.2946         0.00     0.00     0.00
      353   3.8528      -39.527       7.2275         0.00     0.00     0.00
      354   11.445      -12.220       13.837         0.00     0.00     0.00
      355   10.875      -16.475       13.486         0.00     0.00     0.00
      356   10.284      -20.513       12.892         0.00     0.00     0.00
      357   9.5207      -24.431       12.295         0.00     0.00     0.00
      358   8.8325      -28.248       11.548         0.00     0.00     0.00
      359   8.1642      -31.910       10.513         0.00     0.00     0.00
      360   7.4109      -35.458       8.9018         0.00     0.00     0.00

    NODE        X            Y            Z          THXY     THYZ     THZX
      361  -11.581      -30.242      -7.7273         0.00     0.00     0.00
      362  -9.2326      -36.520      -5.7989         0.00     0.00     0.00
      363  -8.6081      -12.141      -15.769         0.00     0.00     0.00
      364  -7.8843      -34.439      -9.2479         0.00     0.00     0.00
      365  -6.6989      -37.899      -7.2136         0.00     0.00     0.00
      366  -7.1747      -39.630      -3.6774         0.00     0.00     0.00
      367  -17.898      -4.0229      -4.2410         0.00     0.00     0.00
      368  -4.1531      -41.081      -4.0480         0.00     0.00     0.00
      369  -9.8274      -37.307      -3.1762         0.00     0.00     0.00
      370  -11.895      -33.944      -3.5202         0.00     0.00     0.00
      371  -13.270      -30.525      -3.8795         0.00     0.00     0.00
      372  -14.318      -26.662      -4.3847         0.00     0.00     0.00
      373  -15.287      -22.951      -4.4384         0.00     0.00     0.00
      374  -16.211      -19.479      -4.0968         0.00     0.00     0.00
      375  -16.861      -16.096      -4.2638         0.00     0.00     0.00
      376  -17.580      -11.903      -3.8278         0.00     0.00     0.00
      377  -17.826      -7.9997      -4.1282         0.00     0.00     0.00
      378  -16.506      -4.1699      -8.1174         0.00     0.00     0.00
      379  -4.3233      -4.4753      -17.878         0.00     0.00     0.00
      380  -8.3731      -4.4614      -16.377         0.00     0.00     0.00

    NODE        X            Y            Z          THXY     THYZ     THZX
      381  -11.675      -4.3924      -14.213         0.00     0.00     0.00
      382  -14.418      -4.2550      -11.422         0.00     0.00     0.00
      383  -4.3316      -8.6446      -17.741         0.00     0.00     0.00
      384  -4.1388      -12.260      -17.468         0.00     0.00     0.00
      385  -4.9603      -15.665      -16.747         0.00     0.00     0.00
      386  -4.8672      -19.820      -15.919         0.00     0.00     0.00
      387  -5.4484      -23.502      -14.812         0.00     0.00     0.00
      388  -5.4385      -27.579      -13.686         0.00     0.00     0.00
      389  -4.8055      -31.852      -12.438         0.00     0.00     0.00
      390  -4.6219      -35.634      -10.505         0.00     0.00     0.00
      391  -4.2243      -38.789      -7.9600         0.00     0.00     0.00
      392  -10.453      -33.817      -6.7956         0.00     0.00     0.00
      393  -8.7221      -30.685      -10.655         0.00     0.00     0.00
      394  -12.537      -26.196      -8.4099         0.00     0.00     0.00
      395  -13.561      -22.008      -8.7616         0.00     0.00     0.00
      396  -14.887      -18.130      -8.2168         0.00     0.00     0.00
      397  -16.182      -15.648      -6.5820         0.00     0.00     0.00
      398  -16.186      -12.560      -7.6823         0.00     0.00     0.00
      399  -16.392      -8.6629      -8.0493         0.00     0.00     0.00
      400  -8.6434      -9.0173      -16.062         0.00     0.00     0.00

    NODE        X            Y            Z          THXY     THYZ     THZX
      401  -11.808      -8.9773      -13.905         0.00     0.00     0.00
      402  -14.324      -9.2094      -11.272         0.00     0.00     0.00
      403  -11.257      -13.635      -13.761         0.00     0.00     0.00
      404  -9.2162      -16.953      -14.564         0.00     0.00     0.00
      405  -10.548      -21.012      -12.529         0.00     0.00     0.00
      406  -9.4860      -26.378      -11.683         0.00     0.00     0.00
      407  -13.648      -15.084      -11.054         0.00     0.00     0.00
      408  -7.7245      -14.836      -15.817         0.00     0.00     0.00
      409   17.820       0.0000      -4.0672         0.00     0.00     0.00
      410   16.468       0.0000      -7.9305         0.00     0.00     0.00
      411   14.290       0.0000      -11.396         0.00     0.00     0.00
      412   11.396       0.0000      -14.290         0.00     0.00     0.00
      413   7.9305       0.0000      -16.468         0.00     0.00     0.00
      414   4.0672       0.0000      -17.820         0.00     0.00     0.00
      415   18.278       0.0000       0.0000         0.00     0.00     0.00
      416   18.393      -3.8985       0.0000         0.00     0.00     0.00
      417   18.307      -7.7977       0.0000         0.00     0.00     0.00
      418   18.015      -11.687       0.0000         0.00     0.00     0.00
      419   17.486      -15.551       0.0000         0.00     0.00     0.00
      420   16.742      -19.379       0.0000         0.00     0.00     0.00

    NODE        X            Y            Z          THXY     THYZ     THZX
      421   15.862      -23.179       0.0000         0.00     0.00     0.00
      422   14.895      -26.958       0.0000         0.00     0.00     0.00
      423   13.767      -30.691       0.0000         0.00     0.00     0.00
      424   12.237      -34.276       0.0000         0.00     0.00     0.00
      425   10.133      -37.552       0.0000         0.00     0.00     0.00
      426   7.2890      -40.200       0.0000         0.00     0.00     0.00
      427   3.8034      -41.926       0.0000         0.00     0.00     0.00
      428   0.0000       0.0000      -18.278         0.00     0.00     0.00
      429   0.0000      -4.2235      -18.394         0.00     0.00     0.00
      430   0.0000      -8.4469      -18.274         0.00     0.00     0.00
      431   0.0000      -12.656      -17.905         0.00     0.00     0.00
      432   0.0000      -16.831      -17.258         0.00     0.00     0.00
      433   0.0000      -20.966      -16.388         0.00     0.00     0.00
      434   0.0000      -25.071      -15.388         0.00     0.00     0.00
      435   0.0000      -29.147      -14.273         0.00     0.00     0.00
      436   0.0000      -33.105      -12.803         0.00     0.00     0.00
      437   0.0000      -36.776      -10.723         0.00     0.00     0.00
      438   0.0000      -39.821      -7.8169         0.00     0.00     0.00
      439   0.0000      -42.750       0.0000         0.00     0.00     0.00
      440   0.0000      -41.817      -4.1097         0.00     0.00     0.00

    NODE        X            Y            Z          THXY     THYZ     THZX
      441  -4.0672       0.0000      -17.820         0.00     0.00     0.00
      442  -7.9305       0.0000      -16.468         0.00     0.00     0.00
      443  -11.396       0.0000      -14.290         0.00     0.00     0.00
      444  -14.290       0.0000      -11.396         0.00     0.00     0.00
      445  -16.468       0.0000      -7.9305         0.00     0.00     0.00
      446  -17.820       0.0000      -4.0672         0.00     0.00     0.00
      447  -18.278       0.0000       0.0000         0.00     0.00     0.00
      448  -18.393      -3.8985       0.0000         0.00     0.00     0.00
      449  -18.307      -7.7977       0.0000         0.00     0.00     0.00
      450  -18.015      -11.687       0.0000         0.00     0.00     0.00
      451  -17.486      -15.551       0.0000         0.00     0.00     0.00
      452  -16.742      -19.379       0.0000         0.00     0.00     0.00
      453  -15.862      -23.179       0.0000         0.00     0.00     0.00
      454  -14.895      -26.958       0.0000         0.00     0.00     0.00
      455  -13.767      -30.691       0.0000         0.00     0.00     0.00
      456  -12.237      -34.276       0.0000         0.00     0.00     0.00
      457  -10.133      -37.552       0.0000         0.00     0.00     0.00
      458  -7.2890      -40.200       0.0000         0.00     0.00     0.00
      459  -3.8034      -41.926       0.0000         0.00     0.00     0.00
      460  -17.820       0.0000       4.0672         0.00     0.00     0.00

    NODE        X            Y            Z          THXY     THYZ     THZX
      461  -16.468       0.0000       7.9305         0.00     0.00     0.00
      462  -14.290       0.0000       11.396         0.00     0.00     0.00
      463  -11.396       0.0000       14.290         0.00     0.00     0.00
      464  -7.9305       0.0000       16.468         0.00     0.00     0.00
      465  -4.0672       0.0000       17.820         0.00     0.00     0.00
      466   0.0000       0.0000       18.278         0.00     0.00     0.00
      467   0.0000      -4.2235       18.394         0.00     0.00     0.00
      468   0.0000      -8.4469       18.274         0.00     0.00     0.00
      469   0.0000      -12.656       17.905         0.00     0.00     0.00
      470   0.0000      -16.831       17.258         0.00     0.00     0.00
      471   0.0000      -20.966       16.388         0.00     0.00     0.00
      472   0.0000      -25.071       15.388         0.00     0.00     0.00
      473   0.0000      -29.147       14.273         0.00     0.00     0.00
      474   0.0000      -33.105       12.803         0.00     0.00     0.00
      475   0.0000      -36.776       10.723         0.00     0.00     0.00
      476   0.0000      -39.821       7.8169         0.00     0.00     0.00
      477   0.0000      -41.817       4.1097         0.00     0.00     0.00
      478   4.0672       0.0000       17.820         0.00     0.00     0.00
      479   7.9305       0.0000       16.468         0.00     0.00     0.00
      480   11.396       0.0000       14.290         0.00     0.00     0.00

    NODE        X            Y            Z          THXY     THYZ     THZX
      481   14.290       0.0000       11.396         0.00     0.00     0.00
      482   16.468       0.0000       7.9305         0.00     0.00     0.00
      483   17.820       0.0000       4.0672         0.00     0.00     0.00
      484   5.0130       0.0000      -21.963         0.00     0.00     0.00
      485   9.7745       0.0000      -20.297         0.00     0.00     0.00
      486   14.046       0.0000      -17.613         0.00     0.00     0.00
      487   17.613       0.0000      -14.046         0.00     0.00     0.00
      488   20.297       0.0000      -9.7745         0.00     0.00     0.00
      489   21.963       0.0000      -5.0130         0.00     0.00     0.00
      490   26.107       0.0000      -5.9587         0.00     0.00     0.00
      491   24.126       0.0000      -11.619         0.00     0.00     0.00
      492   20.936       0.0000      -16.696         0.00     0.00     0.00
      493   16.696       0.0000      -20.936         0.00     0.00     0.00
      494   11.619       0.0000      -24.126         0.00     0.00     0.00
      495   5.9587       0.0000      -26.107         0.00     0.00     0.00
      496   26.778       0.0000       0.0000         0.00     0.00     0.00
      497   22.528       0.0000       0.0000         0.00     0.00     0.00
      498   0.0000       0.0000      -26.778         0.00     0.00     0.00
      499   0.0000       0.0000      -22.528         0.00     0.00     0.00
      500  -21.963       0.0000      -5.0130         0.00     0.00     0.00

    NODE        X            Y            Z          THXY     THYZ     THZX
      501  -20.297       0.0000      -9.7745         0.00     0.00     0.00
      502  -17.613       0.0000      -14.046         0.00     0.00     0.00
      503  -14.046       0.0000      -17.613         0.00     0.00     0.00
      504  -9.7745       0.0000      -20.297         0.00     0.00     0.00
      505  -5.0130       0.0000      -21.963         0.00     0.00     0.00
      506  -5.9587       0.0000      -26.107         0.00     0.00     0.00
      507  -11.619       0.0000      -24.126         0.00     0.00     0.00
      508  -16.696       0.0000      -20.936         0.00     0.00     0.00
      509  -20.936       0.0000      -16.696         0.00     0.00     0.00
      510  -24.126       0.0000      -11.619         0.00     0.00     0.00
      511  -26.107       0.0000      -5.9587         0.00     0.00     0.00
      512  -26.778       0.0000       0.0000         0.00     0.00     0.00
      513  -22.528       0.0000       0.0000         0.00     0.00     0.00
      514   0.0000      -4.6924      -22.457         0.00     0.00     0.00
      515   0.0000      -9.3718      -22.108         0.00     0.00     0.00
      516   0.0000      -14.029      -21.524         0.00     0.00     0.00
      517   0.0000      -18.664      -20.764         0.00     0.00     0.00
      518   0.0000      -23.267      -19.829         0.00     0.00     0.00
      519   0.0000      -27.819      -18.676         0.00     0.00     0.00
      520   0.0000      -32.255      -17.164         0.00     0.00     0.00

    NODE        X            Y            Z          THXY     THYZ     THZX
      521   0.0000      -36.443      -15.092         0.00     0.00     0.00
      522   0.0000      -40.246      -12.382         0.00     0.00     0.00
      523   0.0000      -43.326      -8.8755         0.00     0.00     0.00
      524   0.0000      -45.247      -4.6169         0.00     0.00     0.00
      525   0.0000      -5.1613      -26.521         0.00     0.00     0.00
      526   0.0000      -10.297      -25.943         0.00     0.00     0.00
      527   0.0000      -15.403      -25.143         0.00     0.00     0.00
      528   0.0000      -20.497      -24.270         0.00     0.00     0.00
      529   0.0000      -25.568      -23.269         0.00     0.00     0.00
      530   0.0000      -30.567      -21.963         0.00     0.00     0.00
      531   0.0000      -35.364      -20.054         0.00     0.00     0.00
      532   0.0000      -39.781      -17.381         0.00     0.00     0.00
      533   0.0000      -43.717      -14.040         0.00     0.00     0.00
      534   0.0000      -46.831      -9.9340         0.00     0.00     0.00
      535   0.0000      -48.678      -5.1242         0.00     0.00     0.00
      536   0.0000      -49.250       0.0000         0.00     0.00     0.00
      537   0.0000      -46.000       0.0000         0.00     0.00     0.00
      538  -5.0130       0.0000       21.963         0.00     0.00     0.00
      539  -9.7745       0.0000       20.297         0.00     0.00     0.00
      540  -14.046       0.0000       17.613         0.00     0.00     0.00

    NODE        X            Y            Z          THXY     THYZ     THZX
      541  -17.613       0.0000       14.046         0.00     0.00     0.00
      542  -20.297       0.0000       9.7745         0.00     0.00     0.00
      543  -21.963       0.0000       5.0130         0.00     0.00     0.00
      544  -26.107       0.0000       5.9587         0.00     0.00     0.00
      545  -24.126       0.0000       11.619         0.00     0.00     0.00
      546  -20.936       0.0000       16.696         0.00     0.00     0.00
      547  -16.696       0.0000       20.936         0.00     0.00     0.00
      548  -11.619       0.0000       24.126         0.00     0.00     0.00
      549  -5.9587       0.0000       26.107         0.00     0.00     0.00
      550   0.0000       0.0000       26.778         0.00     0.00     0.00
      551   0.0000       0.0000       22.528         0.00     0.00     0.00
      552  -22.473      -4.3317       0.0000         0.00     0.00     0.00
      553  -22.179      -8.6533       0.0000         0.00     0.00     0.00
      554  -21.676      -12.956       0.0000         0.00     0.00     0.00
      555  -21.016      -17.241       0.0000         0.00     0.00     0.00
      556  -20.210      -21.501       0.0000         0.00     0.00     0.00
      557  -19.241      -25.727       0.0000         0.00     0.00     0.00
      558  -18.035      -29.888       0.0000         0.00     0.00     0.00
      559  -16.440      -33.903       0.0000         0.00     0.00     0.00
      560  -14.331      -37.664       0.0000         0.00     0.00     0.00

    NODE        X            Y            Z          THXY     THYZ     THZX
      561  -11.649      -41.040       0.0000         0.00     0.00     0.00
      562  -8.2599      -43.701       0.0000         0.00     0.00     0.00
      563  -4.2699      -45.346       0.0000         0.00     0.00     0.00
      564  -26.553      -4.7649       0.0000         0.00     0.00     0.00
      565  -26.050      -9.5088       0.0000         0.00     0.00     0.00
      566  -25.338      -14.226       0.0000         0.00     0.00     0.00
      567  -24.546      -18.931       0.0000         0.00     0.00     0.00
      568  -23.678      -23.622       0.0000         0.00     0.00     0.00
      569  -22.619      -28.274       0.0000         0.00     0.00     0.00
      570  -21.175      -32.818       0.0000         0.00     0.00     0.00
      571  -19.112      -37.114       0.0000         0.00     0.00     0.00
      572  -16.426      -41.053       0.0000         0.00     0.00     0.00
      573  -13.165      -44.527       0.0000         0.00     0.00     0.00
      574  -9.2308      -47.202       0.0000         0.00     0.00     0.00
      575  -4.7365      -48.766       0.0000         0.00     0.00     0.00
      576   5.0130       0.0000       21.963         0.00     0.00     0.00
      577   9.7745       0.0000       20.297         0.00     0.00     0.00
      578   14.046       0.0000       17.613         0.00     0.00     0.00
      579   17.613       0.0000       14.046         0.00     0.00     0.00
      580   20.297       0.0000       9.7745         0.00     0.00     0.00

    NODE        X            Y            Z          THXY     THYZ     THZX
      581   21.963       0.0000       5.0130         0.00     0.00     0.00
      582   5.9587       0.0000       26.107         0.00     0.00     0.00
      583   11.619       0.0000       24.126         0.00     0.00     0.00
      584   16.696       0.0000       20.936         0.00     0.00     0.00
      585   20.936       0.0000       16.696         0.00     0.00     0.00
      586   24.126       0.0000       11.619         0.00     0.00     0.00
      587   26.107       0.0000       5.9587         0.00     0.00     0.00
      588   4.2699      -45.346       0.0000         0.00     0.00     0.00
      589   8.2599      -43.701       0.0000         0.00     0.00     0.00
      590   11.649      -41.040       0.0000         0.00     0.00     0.00
      591   14.331      -37.664       0.0000         0.00     0.00     0.00
      592   16.440      -33.903       0.0000         0.00     0.00     0.00
      593   18.035      -29.888       0.0000         0.00     0.00     0.00
      594   19.241      -25.727       0.0000         0.00     0.00     0.00
      595   20.210      -21.501       0.0000         0.00     0.00     0.00
      596   21.016      -17.241       0.0000         0.00     0.00     0.00
      597   21.676      -12.956       0.0000         0.00     0.00     0.00
      598   22.179      -8.6533       0.0000         0.00     0.00     0.00
      599   22.473      -4.3317       0.0000         0.00     0.00     0.00
      600   26.553      -4.7649       0.0000         0.00     0.00     0.00

    NODE        X            Y            Z          THXY     THYZ     THZX
      601   26.050      -9.5088       0.0000         0.00     0.00     0.00
      602   25.338      -14.226       0.0000         0.00     0.00     0.00
      603   24.546      -18.931       0.0000         0.00     0.00     0.00
      604   23.678      -23.622       0.0000         0.00     0.00     0.00
      605   22.619      -28.274       0.0000         0.00     0.00     0.00
      606   21.175      -32.818       0.0000         0.00     0.00     0.00
      607   19.112      -37.114       0.0000         0.00     0.00     0.00
      608   16.426      -41.053       0.0000         0.00     0.00     0.00
      609   13.165      -44.527       0.0000         0.00     0.00     0.00
      610   9.2308      -47.202       0.0000         0.00     0.00     0.00
      611   4.7365      -48.766       0.0000         0.00     0.00     0.00
      612   0.0000      -4.6924       22.457         0.00     0.00     0.00
      613   0.0000      -9.3718       22.108         0.00     0.00     0.00
      614   0.0000      -14.029       21.524         0.00     0.00     0.00
      615   0.0000      -18.664       20.764         0.00     0.00     0.00
      616   0.0000      -23.267       19.829         0.00     0.00     0.00
      617   0.0000      -27.819       18.676         0.00     0.00     0.00
      618   0.0000      -32.255       17.164         0.00     0.00     0.00
      619   0.0000      -36.443       15.092         0.00     0.00     0.00
      620   0.0000      -40.246       12.382         0.00     0.00     0.00

    NODE        X            Y            Z          THXY     THYZ     THZX
      621   0.0000      -43.326       8.8755         0.00     0.00     0.00
      622   0.0000      -45.247       4.6169         0.00     0.00     0.00
      623   0.0000      -5.1613       26.521         0.00     0.00     0.00
      624   0.0000      -10.297       25.943         0.00     0.00     0.00
      625   0.0000      -15.403       25.143         0.00     0.00     0.00
      626   0.0000      -20.497       24.270         0.00     0.00     0.00
      627   0.0000      -25.568       23.269         0.00     0.00     0.00
      628   0.0000      -30.567       21.963         0.00     0.00     0.00
      629   0.0000      -35.364       20.054         0.00     0.00     0.00
      630   0.0000      -39.781       17.381         0.00     0.00     0.00
      631   0.0000      -43.717       14.040         0.00     0.00     0.00
      632   0.0000      -46.831       9.9340         0.00     0.00     0.00
      633   0.0000      -48.678       5.1242         0.00     0.00     0.00
      634   5.9557      -4.8142       21.649         0.00     0.00     0.00
      635   10.821      -4.2414       19.706         0.00     0.00     0.00
      636   14.413      -3.7727       17.280         0.00     0.00     0.00
      637   17.577      -3.9064       14.042         0.00     0.00     0.00
      638   20.172      -4.3585       9.9098         0.00     0.00     0.00
      639   21.529      -8.8908       5.2570         0.00     0.00     0.00
      640   20.909      -13.025       5.7259         0.00     0.00     0.00

    NODE        X            Y            Z          THXY     THYZ     THZX
      641   20.185      -17.311       5.8071         0.00     0.00     0.00
      642   19.354      -21.682       5.6779         0.00     0.00     0.00
      643   18.421      -25.965       5.3492         0.00     0.00     0.00
      644   17.220      -30.165       5.0705         0.00     0.00     0.00
      645   15.649      -34.127       4.7076         0.00     0.00     0.00
      646   13.771      -37.637       4.0493         0.00     0.00     0.00
      647   11.214      -40.994       3.3162         0.00     0.00     0.00
      648   7.9525      -43.364       3.8043         0.00     0.00     0.00
      649   4.3298      -44.743       4.2787         0.00     0.00     0.00
      650   6.4924      -9.3896       21.143         0.00     0.00     0.00
      651   6.9767      -13.648       20.433         0.00     0.00     0.00
      652   7.1060      -17.992       19.637         0.00     0.00     0.00
      653   6.8682      -22.607       18.754         0.00     0.00     0.00
      654   6.1747      -27.276       17.793         0.00     0.00     0.00
      655   5.6351      -31.701       16.457         0.00     0.00     0.00
      656   5.1104      -35.899       14.542         0.00     0.00     0.00
      657   4.8731      -39.672       11.911         0.00     0.00     0.00
      658   12.331      -9.5187       18.355         0.00     0.00     0.00
      659   14.764      -7.4025       16.717         0.00     0.00     0.00
      660   17.110      -8.3720       14.181         0.00     0.00     0.00

    NODE        X            Y            Z          THXY     THYZ     THZX
      661   19.784      -8.7762       10.037         0.00     0.00     0.00
      662   18.451      -13.110       11.364         0.00     0.00     0.00
      663   17.673      -17.526       11.280         0.00     0.00     0.00
      664   16.716      -22.057       11.144         0.00     0.00     0.00
      665   15.780      -26.446       10.684         0.00     0.00     0.00
      666   14.717      -30.594       10.018         0.00     0.00     0.00
      667   13.400      -34.423       9.0993         0.00     0.00     0.00
      668   11.845      -37.684       8.0542         0.00     0.00     0.00
      669   10.339      -40.665       6.1028         0.00     0.00     0.00
      670   4.3805      -43.034       8.2173         0.00     0.00     0.00
      671   13.832      -12.893       16.722         0.00     0.00     0.00
      672   13.143      -17.683       16.299         0.00     0.00     0.00
      673   12.488      -22.362       15.654         0.00     0.00     0.00
      674   11.598      -26.875       14.977         0.00     0.00     0.00
      675   10.695      -31.146       13.983         0.00     0.00     0.00
      676   9.7171      -35.114       12.513         0.00     0.00     0.00
      677   8.6362      -38.863       10.374         0.00     0.00     0.00
      678   21.864      -4.3655       5.1908         0.00     0.00     0.00
      679   7.6739      -42.146       7.1134         0.00     0.00     0.00
      680  -4.6453      -44.553       4.6204         0.00     0.00     0.00

    NODE        X            Y            Z          THXY     THYZ     THZX
      681  -4.6045      -39.590       12.089         0.00     0.00     0.00
      682  -4.3045      -36.021       14.728         0.00     0.00     0.00
      683  -4.3822      -31.897       16.754         0.00     0.00     0.00
      684  -5.1344      -27.465       18.065         0.00     0.00     0.00
      685  -5.2400      -23.032       19.176         0.00     0.00     0.00
      686  -5.3627      -18.504       20.088         0.00     0.00     0.00
      687  -5.2546      -13.898       20.900         0.00     0.00     0.00
      688  -5.1348      -9.3919       21.507         0.00     0.00     0.00
      689  -5.0838      -4.6939       21.875         0.00     0.00     0.00
      690  -21.922      -4.2630       4.9789         0.00     0.00     0.00
      691  -20.291      -4.2972       9.6728         0.00     0.00     0.00
      692  -17.591      -4.3012       14.002         0.00     0.00     0.00
      693  -14.101      -4.5254       17.496         0.00     0.00     0.00
      694  -9.8216      -4.6074       20.203         0.00     0.00     0.00
      695  -21.684      -8.3992       4.8091         0.00     0.00     0.00
      696  -21.239      -12.551       4.6457         0.00     0.00     0.00
      697  -20.592      -16.722       4.6221         0.00     0.00     0.00
      698  -19.786      -20.904       4.6716         0.00     0.00     0.00
      699  -18.890      -25.038       4.4757         0.00     0.00     0.00
      700  -17.788      -29.234       4.1072         0.00     0.00     0.00

    NODE        X            Y            Z          THXY     THYZ     THZX
      701  -16.174      -33.458       3.9760         0.00     0.00     0.00
      702  -14.214      -36.999       3.9806         0.00     0.00     0.00
      703  -11.823      -40.236       3.7098         0.00     0.00     0.00
      704  -8.5591      -42.872       4.2121         0.00     0.00     0.00
      705  -8.4881      -41.070       7.9366         0.00     0.00     0.00
      706  -8.6120      -38.313       10.905         0.00     0.00     0.00
      707  -8.4074      -35.278       13.325         0.00     0.00     0.00
      708  -8.1563      -31.660       15.382         0.00     0.00     0.00
      709  -9.0496      -27.502       16.445         0.00     0.00     0.00
      710  -10.393      -23.397       16.850         0.00     0.00     0.00
      711  -10.487      -18.482       17.956         0.00     0.00     0.00
      712  -10.154      -13.805       19.029         0.00     0.00     0.00
      713  -9.8860      -9.1623       19.813         0.00     0.00     0.00
      714  -20.110      -8.2492       9.4774         0.00     0.00     0.00
      715  -17.513      -8.4289       13.672         0.00     0.00     0.00
      716  -14.037      -8.7851       17.179         0.00     0.00     0.00
      717  -19.179      -16.395       8.9389         0.00     0.00     0.00
      718  -18.106      -20.525       9.4090         0.00     0.00     0.00
      719  -17.392      -24.331       9.0001         0.00     0.00     0.00
      720  -16.736      -28.614       7.7587         0.00     0.00     0.00

    NODE        X            Y            Z          THXY     THYZ     THZX
      721  -15.223      -32.699       7.5431         0.00     0.00     0.00
      722  -12.563      -36.428       8.3899         0.00     0.00     0.00
      723  -11.134      -39.527       6.6826         0.00     0.00     0.00
      724  -12.153      -33.689       11.234         0.00     0.00     0.00
      725  -10.946      -31.347       13.692         0.00     0.00     0.00
      726  -12.127      -28.467       13.960         0.00     0.00     0.00
      727  -14.572      -24.949       12.860         0.00     0.00     0.00
      728  -14.103      -13.392       16.400         0.00     0.00     0.00
      729  -14.955      -18.913       14.334         0.00     0.00     0.00
      730  -4.7074      -42.562       8.7684         0.00     0.00     0.00
      731  -19.846      -12.160       9.0210         0.00     0.00     0.00
      732  -13.957      -30.857       10.901         0.00     0.00     0.00
      733  -15.293      -28.468       10.395         0.00     0.00     0.00
      734  -17.354      -12.468       13.127         0.00     0.00     0.00
      735  -17.473      -15.807       12.106         0.00     0.00     0.00
      736  -4.6828      -44.558      -4.5643         0.00     0.00     0.00
      737  -11.318      -40.785      -3.6579         0.00     0.00     0.00
      738  -13.986      -37.279      -4.1389         0.00     0.00     0.00
      739  -15.910      -33.633      -4.6512         0.00     0.00     0.00
      740  -17.407      -29.395      -5.3305         0.00     0.00     0.00

    NODE        X            Y            Z          THXY     THYZ     THZX
      741  -18.608      -25.187      -5.4027         0.00     0.00     0.00
      742  -19.645      -21.234      -4.9646         0.00     0.00     0.00
      743  -20.353      -17.368      -5.1468         0.00     0.00     0.00
      744  -21.208      -12.819      -4.6177         0.00     0.00     0.00
      745  -21.603      -8.7511      -5.0029         0.00     0.00     0.00
      746  -20.161      -4.5370      -9.9154         0.00     0.00     0.00
      747  -5.2762      -4.9365      -21.818         0.00     0.00     0.00
      748  -10.223      -4.8102      -19.995         0.00     0.00     0.00
      749  -14.263      -4.6058      -17.364         0.00     0.00     0.00
      750  -17.618      -4.4603      -13.957         0.00     0.00     0.00
      751  -5.2447      -9.4013      -21.481         0.00     0.00     0.00
      752  -4.9932      -13.164      -21.074         0.00     0.00     0.00
      753  -5.9878      -16.841      -20.217         0.00     0.00     0.00
      754  -5.9036      -21.579      -19.308         0.00     0.00     0.00
      755  -6.6347      -25.819      -18.037         0.00     0.00     0.00
      756  -6.5990      -30.405      -16.606         0.00     0.00     0.00
      757  -5.7220      -35.049      -14.810         0.00     0.00     0.00
      758  -5.3811      -39.045      -12.230         0.00     0.00     0.00
      759  -4.8229      -42.293      -9.0880         0.00     0.00     0.00
      760  -12.301      -37.143      -7.9970         0.00     0.00     0.00

    NODE        X            Y            Z          THXY     THYZ     THZX
      761  -10.451      -33.799      -12.767         0.00     0.00     0.00
      762  -15.255      -28.871      -10.233         0.00     0.00     0.00
      763  -16.494      -24.097      -10.657         0.00     0.00     0.00
      764  -18.022      -19.602      -9.9471         0.00     0.00     0.00
      765  -19.547      -16.738      -7.9506         0.00     0.00     0.00
      766  -19.557      -13.270      -9.2818         0.00     0.00     0.00
      767  -19.883      -9.1201      -9.7638         0.00     0.00     0.00
      768  -10.481      -9.4637      -19.477         0.00     0.00     0.00
      769  -14.321      -9.4124      -16.863         0.00     0.00     0.00
      770  -17.365      -9.6599      -13.666         0.00     0.00     0.00
      771  -13.595      -14.455      -16.619         0.00     0.00     0.00
      772  -11.144      -18.234      -17.610         0.00     0.00     0.00
      773  -12.816      -22.940      -15.222         0.00     0.00     0.00
      774  -11.539      -29.072      -14.212         0.00     0.00     0.00
      775  -16.482      -16.090      -13.350         0.00     0.00     0.00
      776  -21.863      -4.4538      -5.1806         0.00     0.00     0.00
      777  -8.1523      -43.137      -4.1784         0.00     0.00     0.00
      778  -7.6890      -41.389      -8.2798         0.00     0.00     0.00
      779  -9.2447      -37.796      -10.844         0.00     0.00     0.00
      780  -10.403      -12.814      -19.057         0.00     0.00     0.00

    NODE        X            Y            Z          THXY     THYZ     THZX
      781  -10.687      -39.971      -6.7124         0.00     0.00     0.00
      782  -13.905      -33.324      -9.2784         0.00     0.00     0.00
      783  -9.3279      -15.815      -19.100         0.00     0.00     0.00
      784   4.4831      -42.685      -8.7047         0.00     0.00     0.00
      785   4.3249      -39.581      -12.199         0.00     0.00     0.00
      786   4.3016      -35.918      -14.790         0.00     0.00     0.00
      787   4.6932      -31.816      -16.703         0.00     0.00     0.00
      788   5.0395      -27.521      -18.075         0.00     0.00     0.00
      789   5.2886      -23.043      -19.161         0.00     0.00     0.00
      790   5.4825      -18.468      -20.063         0.00     0.00     0.00
      791   5.4635      -13.966      -20.837         0.00     0.00     0.00
      792   5.2252      -9.5674      -21.466         0.00     0.00     0.00
      793   5.1689      -4.8094      -21.850         0.00     0.00     0.00
      794   8.3818      -42.890      -4.5033         0.00     0.00     0.00
      795   11.740      -40.160      -4.1705         0.00     0.00     0.00
      796   14.333      -36.846      -3.9068         0.00     0.00     0.00
      797   16.349      -32.967      -4.1757         0.00     0.00     0.00
      798   17.793      -28.880      -4.5513         0.00     0.00     0.00
      799   18.876      -24.682      -4.8901         0.00     0.00     0.00
      800   19.766      -20.541      -5.0569         0.00     0.00     0.00

    NODE        X            Y            Z          THXY     THYZ     THZX
      801   20.580      -16.448      -4.8789         0.00     0.00     0.00
      802   21.301      -12.491      -4.3882         0.00     0.00     0.00
      803   21.962      -4.3264      -4.7853         0.00     0.00     0.00
      804   20.413      -4.3520      -9.4087         0.00     0.00     0.00
      805   17.782      -4.2990      -13.759         0.00     0.00     0.00
      806   14.293      -4.5432      -17.339         0.00     0.00     0.00
      807   10.042      -4.7876      -20.085         0.00     0.00     0.00
      808   8.0012      -41.308      -8.0957         0.00     0.00     0.00
      809   7.7437      -38.673      -11.226         0.00     0.00     0.00
      810   8.3008      -35.220      -13.428         0.00     0.00     0.00
      811   9.1598      -31.482      -14.886         0.00     0.00     0.00
      812   9.8054      -27.407      -16.037         0.00     0.00     0.00
      813   10.247      -23.007      -17.041         0.00     0.00     0.00
      814   10.617      -18.353      -17.907         0.00     0.00     0.00
      815   10.734      -13.785      -18.712         0.00     0.00     0.00
      816   10.172      -9.4291      -19.639         0.00     0.00     0.00
      817   11.155      -39.000      -7.4160         0.00     0.00     0.00
      818   13.524      -35.760      -7.5552         0.00     0.00     0.00
      819   15.177      -32.202      -8.0836         0.00     0.00     0.00
      820   16.356      -28.089      -8.8631         0.00     0.00     0.00

    NODE        X            Y            Z          THXY     THYZ     THZX
      821   17.218      -23.834      -9.5676         0.00     0.00     0.00
      822   17.950      -19.521      -10.109         0.00     0.00     0.00
      823   18.848      -15.643      -9.8874         0.00     0.00     0.00
      824   20.011      -11.936      -8.7221         0.00     0.00     0.00
      825   14.395      -8.8453      -16.873         0.00     0.00     0.00
      826   12.971      -31.547      -11.678         0.00     0.00     0.00
      827   13.912      -27.421      -12.636         0.00     0.00     0.00
      828   14.446      -23.096      -13.635         0.00     0.00     0.00
      829   14.839      -18.649      -14.524         0.00     0.00     0.00
      830   4.5519      -44.555      -4.7066         0.00     0.00     0.00
      831   21.733      -8.3524      -4.6042         0.00     0.00     0.00
      832   20.315      -8.0448      -9.0699         0.00     0.00     0.00
      833   17.809      -8.1275      -13.329         0.00     0.00     0.00
      834   11.747      -34.928      -10.774         0.00     0.00     0.00
      835   18.016      -11.196      -12.492         0.00     0.00     0.00
      836   15.579      -13.717      -14.937         0.00     0.00     0.00
      837   10.352      -37.646      -9.9357         0.00     0.00     0.00

