
 LIST ALL SELECTED NODES.   DSYS=      0

    NODE        X            Y            Z          THXY     THYZ     THZX
        1   18.278       0.0000       0.0000         0.00     0.00     0.00
        2   0.0000       0.0000      -18.278         0.00     0.00     0.00
        3   18.258       0.0000     -0.84414         0.00     0.00     0.00
        4   18.200       0.0000      -1.6865         0.00     0.00     0.00
        5   18.103       0.0000      -2.5252         0.00     0.00     0.00
        6   17.967       0.0000      -3.3586         0.00     0.00     0.00
        7   17.793       0.0000      -4.1848         0.00     0.00     0.00
        8   17.580       0.0000      -5.0020         0.00     0.00     0.00
        9   17.330       0.0000      -5.8086         0.00     0.00     0.00
       10   17.044       0.0000      -6.6028         0.00     0.00     0.00
       11   16.721       0.0000      -7.3829         0.00     0.00     0.00
       12   16.362       0.0000      -8.1472         0.00     0.00     0.00
       13   15.968       0.0000      -8.8942         0.00     0.00     0.00
       14   15.540       0.0000      -9.6221         0.00     0.00     0.00
       15   15.079       0.0000      -10.330         0.00     0.00     0.00
       16   14.586       0.0000      -11.015         0.00     0.00     0.00
       17   14.062       0.0000      -11.677         0.00     0.00     0.00
       18   13.508       0.0000      -12.314         0.00     0.00     0.00
       19   12.924       0.0000      -12.924         0.00     0.00     0.00
       20   12.314       0.0000      -13.508         0.00     0.00     0.00

    NODE        X            Y            Z          THXY     THYZ     THZX
       21   11.677       0.0000      -14.062         0.00     0.00     0.00
       22   11.015       0.0000      -14.586         0.00     0.00     0.00
       23   10.330       0.0000      -15.079         0.00     0.00     0.00
       24   9.6221       0.0000      -15.540         0.00     0.00     0.00
       25   8.8942       0.0000      -15.968         0.00     0.00     0.00
       26   8.1472       0.0000      -16.362         0.00     0.00     0.00
       27   7.3829       0.0000      -16.721         0.00     0.00     0.00
       28   6.6028       0.0000      -17.044         0.00     0.00     0.00
       29   5.8086       0.0000      -17.330         0.00     0.00     0.00
       30   5.0020       0.0000      -17.580         0.00     0.00     0.00
       31   4.1848       0.0000      -17.793         0.00     0.00     0.00
       32   3.3586       0.0000      -17.967         0.00     0.00     0.00
       33   2.5252       0.0000      -18.103         0.00     0.00     0.00
       34   1.6865       0.0000      -18.200         0.00     0.00     0.00
       35  0.84414       0.0000      -18.258         0.00     0.00     0.00
     1839   19.978       0.0000       0.0000         0.00     0.00     0.00
     1840   21.678       0.0000       0.0000         0.00     0.00     0.00
     1841   23.378       0.0000       0.0000         0.00     0.00     0.00
     1842   25.078       0.0000       0.0000         0.00     0.00     0.00
     1843   0.0000       0.0000      -19.978         0.00     0.00     0.00

    NODE        X            Y            Z          THXY     THYZ     THZX
     1844   0.0000       0.0000      -21.678         0.00     0.00     0.00
     1845   0.0000       0.0000      -23.378         0.00     0.00     0.00
     1846   0.0000       0.0000      -25.078         0.00     0.00     0.00
     1847   25.051       0.0000      -1.1582         0.00     0.00     0.00
     1848   24.971       0.0000      -2.3139         0.00     0.00     0.00
     1849   24.838       0.0000      -3.4647         0.00     0.00     0.00
     1850   24.651       0.0000      -4.6081         0.00     0.00     0.00
     1851   24.412       0.0000      -5.7416         0.00     0.00     0.00
     1852   24.121       0.0000      -6.8629         0.00     0.00     0.00
     1853   23.778       0.0000      -7.9696         0.00     0.00     0.00
     1854   23.385       0.0000      -9.0592         0.00     0.00     0.00
     1855   22.941       0.0000      -10.130         0.00     0.00     0.00
     1856   22.449       0.0000      -11.178         0.00     0.00     0.00
     1857   21.909       0.0000      -12.203         0.00     0.00     0.00
     1858   21.322       0.0000      -13.202         0.00     0.00     0.00
     1859   20.689       0.0000      -14.172         0.00     0.00     0.00
     1860   20.013       0.0000      -15.113         0.00     0.00     0.00
     1861   19.293       0.0000      -16.021         0.00     0.00     0.00
     1862   18.533       0.0000      -16.895         0.00     0.00     0.00
     1863   17.733       0.0000      -17.733         0.00     0.00     0.00

    NODE        X            Y            Z          THXY     THYZ     THZX
     1864   16.895       0.0000      -18.533         0.00     0.00     0.00
     1865   16.021       0.0000      -19.293         0.00     0.00     0.00
     1866   15.113       0.0000      -20.013         0.00     0.00     0.00
     1867   14.172       0.0000      -20.689         0.00     0.00     0.00
     1868   13.202       0.0000      -21.322         0.00     0.00     0.00
     1869   12.203       0.0000      -21.909         0.00     0.00     0.00
     1870   11.178       0.0000      -22.449         0.00     0.00     0.00
     1871   10.130       0.0000      -22.941         0.00     0.00     0.00
     1872   9.0592       0.0000      -23.385         0.00     0.00     0.00
     1873   7.9696       0.0000      -23.778         0.00     0.00     0.00
     1874   6.8629       0.0000      -24.121         0.00     0.00     0.00
     1875   5.7416       0.0000      -24.412         0.00     0.00     0.00
     1876   4.6081       0.0000      -24.651         0.00     0.00     0.00
     1877   3.4647       0.0000      -24.838         0.00     0.00     0.00
     1878   2.3139       0.0000      -24.971         0.00     0.00     0.00
     1879   1.1582       0.0000      -25.051         0.00     0.00     0.00
     1880   23.353       0.0000      -1.0797         0.00     0.00     0.00
     1881   23.278       0.0000      -2.1570         0.00     0.00     0.00
     1882   23.154       0.0000      -3.2298         0.00     0.00     0.00
     1883   22.980       0.0000      -4.2957         0.00     0.00     0.00

    NODE        X            Y            Z          THXY     THYZ     THZX
     1884   22.757       0.0000      -5.3524         0.00     0.00     0.00
     1885   22.486       0.0000      -6.3977         0.00     0.00     0.00
     1886   22.166       0.0000      -7.4293         0.00     0.00     0.00
     1887   21.799       0.0000      -8.4451         0.00     0.00     0.00
     1888   21.386       0.0000      -9.4429         0.00     0.00     0.00
     1889   20.927       0.0000      -10.420         0.00     0.00     0.00
     1890   20.424       0.0000      -11.376         0.00     0.00     0.00
     1891   19.876       0.0000      -12.307         0.00     0.00     0.00
     1892   19.287       0.0000      -13.212         0.00     0.00     0.00
     1893   18.656       0.0000      -14.088         0.00     0.00     0.00
     1894   17.985       0.0000      -14.935         0.00     0.00     0.00
     1895   17.277       0.0000      -15.750         0.00     0.00     0.00
     1896   16.531       0.0000      -16.531         0.00     0.00     0.00
     1897   15.750       0.0000      -17.277         0.00     0.00     0.00
     1898   14.935       0.0000      -17.985         0.00     0.00     0.00
     1899   14.088       0.0000      -18.656         0.00     0.00     0.00
     1900   13.212       0.0000      -19.287         0.00     0.00     0.00
     1901   12.307       0.0000      -19.876         0.00     0.00     0.00
     1902   11.376       0.0000      -20.424         0.00     0.00     0.00
     1903   10.420       0.0000      -20.927         0.00     0.00     0.00

    NODE        X            Y            Z          THXY     THYZ     THZX
     1904   9.4429       0.0000      -21.386         0.00     0.00     0.00
     1905   8.4451       0.0000      -21.799         0.00     0.00     0.00
     1906   7.4293       0.0000      -22.166         0.00     0.00     0.00
     1907   6.3977       0.0000      -22.486         0.00     0.00     0.00
     1908   5.3524       0.0000      -22.757         0.00     0.00     0.00
     1909   4.2957       0.0000      -22.980         0.00     0.00     0.00
     1910   3.2298       0.0000      -23.154         0.00     0.00     0.00
     1911   2.1570       0.0000      -23.278         0.00     0.00     0.00
     1912   1.0797       0.0000      -23.353         0.00     0.00     0.00
     1913   21.655       0.0000      -1.0012         0.00     0.00     0.00
     1914   21.586       0.0000      -2.0002         0.00     0.00     0.00
     1915   21.470       0.0000      -2.9950         0.00     0.00     0.00
     1916   21.309       0.0000      -3.9833         0.00     0.00     0.00
     1917   21.102       0.0000      -4.9632         0.00     0.00     0.00
     1918   20.850       0.0000      -5.9325         0.00     0.00     0.00
     1919   20.554       0.0000      -6.8891         0.00     0.00     0.00
     1920   20.214       0.0000      -7.8310         0.00     0.00     0.00
     1921   19.831       0.0000      -8.7562         0.00     0.00     0.00
     1922   19.405       0.0000      -9.6627         0.00     0.00     0.00
     1923   18.938       0.0000      -10.549         0.00     0.00     0.00

    NODE        X            Y            Z          THXY     THYZ     THZX
     1924   18.431       0.0000      -11.412         0.00     0.00     0.00
     1925   17.884       0.0000      -12.251         0.00     0.00     0.00
     1926   17.299       0.0000      -13.064         0.00     0.00     0.00
     1927   16.678       0.0000      -13.849         0.00     0.00     0.00
     1928   16.020       0.0000      -14.604         0.00     0.00     0.00
     1929   15.329       0.0000      -15.329         0.00     0.00     0.00
     1930   14.604       0.0000      -16.020         0.00     0.00     0.00
     1931   13.849       0.0000      -16.678         0.00     0.00     0.00
     1932   13.064       0.0000      -17.299         0.00     0.00     0.00
     1933   12.251       0.0000      -17.884         0.00     0.00     0.00
     1934   11.412       0.0000      -18.431         0.00     0.00     0.00
     1935   10.549       0.0000      -18.938         0.00     0.00     0.00
     1936   9.6627       0.0000      -19.405         0.00     0.00     0.00
     1937   8.7562       0.0000      -19.831         0.00     0.00     0.00
     1938   7.8310       0.0000      -20.214         0.00     0.00     0.00
     1939   6.8891       0.0000      -20.554         0.00     0.00     0.00
     1940   5.9325       0.0000      -20.850         0.00     0.00     0.00
     1941   4.9632       0.0000      -21.102         0.00     0.00     0.00
     1942   3.9833       0.0000      -21.309         0.00     0.00     0.00
     1943   2.9950       0.0000      -21.470         0.00     0.00     0.00

    NODE        X            Y            Z          THXY     THYZ     THZX
     1944   2.0002       0.0000      -21.586         0.00     0.00     0.00
     1945   1.0012       0.0000      -21.655         0.00     0.00     0.00
     1946   19.957       0.0000     -0.92265         0.00     0.00     0.00
     1947   19.893       0.0000      -1.8433         0.00     0.00     0.00
     1948   19.786       0.0000      -2.7601         0.00     0.00     0.00
     1949   19.638       0.0000      -3.6709         0.00     0.00     0.00
     1950   19.447       0.0000      -4.5740         0.00     0.00     0.00
     1951   19.215       0.0000      -5.4672         0.00     0.00     0.00
     1952   18.942       0.0000      -6.3488         0.00     0.00     0.00
     1953   18.629       0.0000      -7.2169         0.00     0.00     0.00
     1954   18.276       0.0000      -8.0695         0.00     0.00     0.00
     1955   17.884       0.0000      -8.9050         0.00     0.00     0.00
     1956   17.453       0.0000      -9.7214         0.00     0.00     0.00
     1957   16.986       0.0000      -10.517         0.00     0.00     0.00
     1958   16.482       0.0000      -11.290         0.00     0.00     0.00
     1959   15.943       0.0000      -12.039         0.00     0.00     0.00
     1960   15.370       0.0000      -12.763         0.00     0.00     0.00
     1961   14.764       0.0000      -13.459         0.00     0.00     0.00
     1962   14.127       0.0000      -14.127         0.00     0.00     0.00
     1963   13.459       0.0000      -14.764         0.00     0.00     0.00

    NODE        X            Y            Z          THXY     THYZ     THZX
     1964   12.763       0.0000      -15.370         0.00     0.00     0.00
     1965   12.039       0.0000      -15.943         0.00     0.00     0.00
     1966   11.290       0.0000      -16.482         0.00     0.00     0.00
     1967   10.517       0.0000      -16.986         0.00     0.00     0.00
     1968   9.7214       0.0000      -17.453         0.00     0.00     0.00
     1969   8.9050       0.0000      -17.884         0.00     0.00     0.00
     1970   8.0695       0.0000      -18.276         0.00     0.00     0.00
     1971   7.2169       0.0000      -18.629         0.00     0.00     0.00
     1972   6.3488       0.0000      -18.942         0.00     0.00     0.00
     1973   5.4672       0.0000      -19.215         0.00     0.00     0.00
     1974   4.5740       0.0000      -19.447         0.00     0.00     0.00
     1975   3.6709       0.0000      -19.638         0.00     0.00     0.00
     1976   2.7601       0.0000      -19.786         0.00     0.00     0.00
     1977   1.8433       0.0000      -19.893         0.00     0.00     0.00
     1978  0.92265       0.0000      -19.957         0.00     0.00     0.00
     5515  -18.278       0.0000       0.0000         0.00     0.00     0.00
     5516 -0.84414       0.0000      -18.258         0.00     0.00     0.00
     5517  -1.6865       0.0000      -18.200         0.00     0.00     0.00
     5518  -2.5252       0.0000      -18.103         0.00     0.00     0.00
     5519  -3.3586       0.0000      -17.967         0.00     0.00     0.00

    NODE        X            Y            Z          THXY     THYZ     THZX
     5520  -4.1848       0.0000      -17.793         0.00     0.00     0.00
     5521  -5.0020       0.0000      -17.580         0.00     0.00     0.00
     5522  -5.8086       0.0000      -17.330         0.00     0.00     0.00
     5523  -6.6028       0.0000      -17.044         0.00     0.00     0.00
     5524  -7.3829       0.0000      -16.721         0.00     0.00     0.00
     5525  -8.1472       0.0000      -16.362         0.00     0.00     0.00
     5526  -8.8942       0.0000      -15.968         0.00     0.00     0.00
     5527  -9.6221       0.0000      -15.540         0.00     0.00     0.00
     5528  -10.330       0.0000      -15.079         0.00     0.00     0.00
     5529  -11.015       0.0000      -14.586         0.00     0.00     0.00
     5530  -11.677       0.0000      -14.062         0.00     0.00     0.00
     5531  -12.314       0.0000      -13.508         0.00     0.00     0.00
     5532  -12.924       0.0000      -12.924         0.00     0.00     0.00
     5533  -13.508       0.0000      -12.314         0.00     0.00     0.00
     5534  -14.062       0.0000      -11.677         0.00     0.00     0.00
     5535  -14.586       0.0000      -11.015         0.00     0.00     0.00
     5536  -15.079       0.0000      -10.330         0.00     0.00     0.00
     5537  -15.540       0.0000      -9.6221         0.00     0.00     0.00
     5538  -15.968       0.0000      -8.8942         0.00     0.00     0.00
     5539  -16.362       0.0000      -8.1472         0.00     0.00     0.00

    NODE        X            Y            Z          THXY     THYZ     THZX
     5540  -16.721       0.0000      -7.3829         0.00     0.00     0.00
     5541  -17.044       0.0000      -6.6028         0.00     0.00     0.00
     5542  -17.330       0.0000      -5.8086         0.00     0.00     0.00
     5543  -17.580       0.0000      -5.0020         0.00     0.00     0.00
     5544  -17.793       0.0000      -4.1848         0.00     0.00     0.00
     5545  -17.967       0.0000      -3.3586         0.00     0.00     0.00
     5546  -18.103       0.0000      -2.5252         0.00     0.00     0.00
     5547  -18.200       0.0000      -1.6865         0.00     0.00     0.00
     5548  -18.258       0.0000     -0.84414         0.00     0.00     0.00
     7283  -19.978       0.0000       0.0000         0.00     0.00     0.00
     7284  -21.678       0.0000       0.0000         0.00     0.00     0.00
     7285  -23.378       0.0000       0.0000         0.00     0.00     0.00
     7286  -25.078       0.0000       0.0000         0.00     0.00     0.00
     7287  -1.1582       0.0000      -25.051         0.00     0.00     0.00
     7288  -2.3139       0.0000      -24.971         0.00     0.00     0.00
     7289  -3.4647       0.0000      -24.838         0.00     0.00     0.00
     7290  -4.6081       0.0000      -24.651         0.00     0.00     0.00
     7291  -5.7416       0.0000      -24.412         0.00     0.00     0.00
     7292  -6.8629       0.0000      -24.121         0.00     0.00     0.00
     7293  -7.9696       0.0000      -23.778         0.00     0.00     0.00

    NODE        X            Y            Z          THXY     THYZ     THZX
     7294  -9.0592       0.0000      -23.385         0.00     0.00     0.00
     7295  -10.130       0.0000      -22.941         0.00     0.00     0.00
     7296  -11.178       0.0000      -22.449         0.00     0.00     0.00
     7297  -12.203       0.0000      -21.909         0.00     0.00     0.00
     7298  -13.202       0.0000      -21.322         0.00     0.00     0.00
     7299  -14.172       0.0000      -20.689         0.00     0.00     0.00
     7300  -15.113       0.0000      -20.013         0.00     0.00     0.00
     7301  -16.021       0.0000      -19.293         0.00     0.00     0.00
     7302  -16.895       0.0000      -18.533         0.00     0.00     0.00
     7303  -17.733       0.0000      -17.733         0.00     0.00     0.00
     7304  -18.533       0.0000      -16.895         0.00     0.00     0.00
     7305  -19.293       0.0000      -16.021         0.00     0.00     0.00
     7306  -20.013       0.0000      -15.113         0.00     0.00     0.00
     7307  -20.689       0.0000      -14.172         0.00     0.00     0.00
     7308  -21.322       0.0000      -13.202         0.00     0.00     0.00
     7309  -21.909       0.0000      -12.203         0.00     0.00     0.00
     7310  -22.449       0.0000      -11.178         0.00     0.00     0.00
     7311  -22.941       0.0000      -10.130         0.00     0.00     0.00
     7312  -23.385       0.0000      -9.0592         0.00     0.00     0.00
     7313  -23.778       0.0000      -7.9696         0.00     0.00     0.00

    NODE        X            Y            Z          THXY     THYZ     THZX
     7314  -24.121       0.0000      -6.8629         0.00     0.00     0.00
     7315  -24.412       0.0000      -5.7416         0.00     0.00     0.00
     7316  -24.651       0.0000      -4.6081         0.00     0.00     0.00
     7317  -24.838       0.0000      -3.4647         0.00     0.00     0.00
     7318  -24.971       0.0000      -2.3139         0.00     0.00     0.00
     7319  -25.051       0.0000      -1.1582         0.00     0.00     0.00
     7320  -1.0797       0.0000      -23.353         0.00     0.00     0.00
     7321  -2.1570       0.0000      -23.278         0.00     0.00     0.00
     7322  -3.2298       0.0000      -23.154         0.00     0.00     0.00
     7323  -4.2957       0.0000      -22.980         0.00     0.00     0.00
     7324  -5.3524       0.0000      -22.757         0.00     0.00     0.00
     7325  -6.3977       0.0000      -22.486         0.00     0.00     0.00
     7326  -7.4293       0.0000      -22.166         0.00     0.00     0.00
     7327  -8.4451       0.0000      -21.799         0.00     0.00     0.00
     7328  -9.4429       0.0000      -21.386         0.00     0.00     0.00
     7329  -10.420       0.0000      -20.927         0.00     0.00     0.00
     7330  -11.376       0.0000      -20.424         0.00     0.00     0.00
     7331  -12.307       0.0000      -19.876         0.00     0.00     0.00
     7332  -13.212       0.0000      -19.287         0.00     0.00     0.00
     7333  -14.088       0.0000      -18.656         0.00     0.00     0.00

    NODE        X            Y            Z          THXY     THYZ     THZX
     7334  -14.935       0.0000      -17.985         0.00     0.00     0.00
     7335  -15.750       0.0000      -17.277         0.00     0.00     0.00
     7336  -16.531       0.0000      -16.531         0.00     0.00     0.00
     7337  -17.277       0.0000      -15.750         0.00     0.00     0.00
     7338  -17.985       0.0000      -14.935         0.00     0.00     0.00
     7339  -18.656       0.0000      -14.088         0.00     0.00     0.00
     7340  -19.287       0.0000      -13.212         0.00     0.00     0.00
     7341  -19.876       0.0000      -12.307         0.00     0.00     0.00
     7342  -20.424       0.0000      -11.376         0.00     0.00     0.00
     7343  -20.927       0.0000      -10.420         0.00     0.00     0.00
     7344  -21.386       0.0000      -9.4429         0.00     0.00     0.00
     7345  -21.799       0.0000      -8.4451         0.00     0.00     0.00
     7346  -22.166       0.0000      -7.4293         0.00     0.00     0.00
     7347  -22.486       0.0000      -6.3977         0.00     0.00     0.00
     7348  -22.757       0.0000      -5.3524         0.00     0.00     0.00
     7349  -22.980       0.0000      -4.2957         0.00     0.00     0.00
     7350  -23.154       0.0000      -3.2298         0.00     0.00     0.00
     7351  -23.278       0.0000      -2.1570         0.00     0.00     0.00
     7352  -23.353       0.0000      -1.0797         0.00     0.00     0.00
     7353  -1.0012       0.0000      -21.655         0.00     0.00     0.00

    NODE        X            Y            Z          THXY     THYZ     THZX
     7354  -2.0002       0.0000      -21.586         0.00     0.00     0.00
     7355  -2.9950       0.0000      -21.470         0.00     0.00     0.00
     7356  -3.9833       0.0000      -21.309         0.00     0.00     0.00
     7357  -4.9632       0.0000      -21.102         0.00     0.00     0.00
     7358  -5.9325       0.0000      -20.850         0.00     0.00     0.00
     7359  -6.8891       0.0000      -20.554         0.00     0.00     0.00
     7360  -7.8310       0.0000      -20.214         0.00     0.00     0.00
     7361  -8.7562       0.0000      -19.831         0.00     0.00     0.00
     7362  -9.6627       0.0000      -19.405         0.00     0.00     0.00
     7363  -10.549       0.0000      -18.938         0.00     0.00     0.00
     7364  -11.412       0.0000      -18.431         0.00     0.00     0.00
     7365  -12.251       0.0000      -17.884         0.00     0.00     0.00
     7366  -13.064       0.0000      -17.299         0.00     0.00     0.00
     7367  -13.849       0.0000      -16.678         0.00     0.00     0.00
     7368  -14.604       0.0000      -16.020         0.00     0.00     0.00
     7369  -15.329       0.0000      -15.329         0.00     0.00     0.00
     7370  -16.020       0.0000      -14.604         0.00     0.00     0.00
     7371  -16.678       0.0000      -13.849         0.00     0.00     0.00
     7372  -17.299       0.0000      -13.064         0.00     0.00     0.00
     7373  -17.884       0.0000      -12.251         0.00     0.00     0.00

    NODE        X            Y            Z          THXY     THYZ     THZX
     7374  -18.431       0.0000      -11.412         0.00     0.00     0.00
     7375  -18.938       0.0000      -10.549         0.00     0.00     0.00
     7376  -19.405       0.0000      -9.6627         0.00     0.00     0.00
     7377  -19.831       0.0000      -8.7562         0.00     0.00     0.00
     7378  -20.214       0.0000      -7.8310         0.00     0.00     0.00
     7379  -20.554       0.0000      -6.8891         0.00     0.00     0.00
     7380  -20.850       0.0000      -5.9325         0.00     0.00     0.00
     7381  -21.102       0.0000      -4.9632         0.00     0.00     0.00
     7382  -21.309       0.0000      -3.9833         0.00     0.00     0.00
     7383  -21.470       0.0000      -2.9950         0.00     0.00     0.00
     7384  -21.586       0.0000      -2.0002         0.00     0.00     0.00
     7385  -21.655       0.0000      -1.0012         0.00     0.00     0.00
     7386 -0.92265       0.0000      -19.957         0.00     0.00     0.00
     7387  -1.8433       0.0000      -19.893         0.00     0.00     0.00
     7388  -2.7601       0.0000      -19.786         0.00     0.00     0.00
     7389  -3.6709       0.0000      -19.638         0.00     0.00     0.00
     7390  -4.5740       0.0000      -19.447         0.00     0.00     0.00
     7391  -5.4672       0.0000      -19.215         0.00     0.00     0.00
     7392  -6.3488       0.0000      -18.942         0.00     0.00     0.00
     7393  -7.2169       0.0000      -18.629         0.00     0.00     0.00

    NODE        X            Y            Z          THXY     THYZ     THZX
     7394  -8.0695       0.0000      -18.276         0.00     0.00     0.00
     7395  -8.9050       0.0000      -17.884         0.00     0.00     0.00
     7396  -9.7214       0.0000      -17.453         0.00     0.00     0.00
     7397  -10.517       0.0000      -16.986         0.00     0.00     0.00
     7398  -11.290       0.0000      -16.482         0.00     0.00     0.00
     7399  -12.039       0.0000      -15.943         0.00     0.00     0.00
     7400  -12.763       0.0000      -15.370         0.00     0.00     0.00
     7401  -13.459       0.0000      -14.764         0.00     0.00     0.00
     7402  -14.127       0.0000      -14.127         0.00     0.00     0.00
     7403  -14.764       0.0000      -13.459         0.00     0.00     0.00
     7404  -15.370       0.0000      -12.763         0.00     0.00     0.00
     7405  -15.943       0.0000      -12.039         0.00     0.00     0.00
     7406  -16.482       0.0000      -11.290         0.00     0.00     0.00
     7407  -16.986       0.0000      -10.517         0.00     0.00     0.00
     7408  -17.453       0.0000      -9.7214         0.00     0.00     0.00
     7409  -17.884       0.0000      -8.9050         0.00     0.00     0.00
     7410  -18.276       0.0000      -8.0695         0.00     0.00     0.00
     7411  -18.629       0.0000      -7.2169         0.00     0.00     0.00
     7412  -18.942       0.0000      -6.3488         0.00     0.00     0.00
     7413  -19.215       0.0000      -5.4672         0.00     0.00     0.00

    NODE        X            Y            Z          THXY     THYZ     THZX
     7414  -19.447       0.0000      -4.5740         0.00     0.00     0.00
     7415  -19.638       0.0000      -3.6709         0.00     0.00     0.00
     7416  -19.786       0.0000      -2.7601         0.00     0.00     0.00
     7417  -19.893       0.0000      -1.8433         0.00     0.00     0.00
     7418  -19.957       0.0000     -0.92265         0.00     0.00     0.00
    10819   0.0000       0.0000       18.278         0.00     0.00     0.00
    10820  -18.258       0.0000      0.84414         0.00     0.00     0.00
    10821  -18.200       0.0000       1.6865         0.00     0.00     0.00
    10822  -18.103       0.0000       2.5252         0.00     0.00     0.00
    10823  -17.967       0.0000       3.3586         0.00     0.00     0.00
    10824  -17.793       0.0000       4.1848         0.00     0.00     0.00
    10825  -17.580       0.0000       5.0020         0.00     0.00     0.00
    10826  -17.330       0.0000       5.8086         0.00     0.00     0.00
    10827  -17.044       0.0000       6.6028         0.00     0.00     0.00
    10828  -16.721       0.0000       7.3829         0.00     0.00     0.00
    10829  -16.362       0.0000       8.1472         0.00     0.00     0.00
    10830  -15.968       0.0000       8.8942         0.00     0.00     0.00
    10831  -15.540       0.0000       9.6221         0.00     0.00     0.00
    10832  -15.079       0.0000       10.330         0.00     0.00     0.00
    10833  -14.586       0.0000       11.015         0.00     0.00     0.00

    NODE        X            Y            Z          THXY     THYZ     THZX
    10834  -14.062       0.0000       11.677         0.00     0.00     0.00
    10835  -13.508       0.0000       12.314         0.00     0.00     0.00
    10836  -12.924       0.0000       12.924         0.00     0.00     0.00
    10837  -12.314       0.0000       13.508         0.00     0.00     0.00
    10838  -11.677       0.0000       14.062         0.00     0.00     0.00
    10839  -11.015       0.0000       14.586         0.00     0.00     0.00
    10840  -10.330       0.0000       15.079         0.00     0.00     0.00
    10841  -9.6221       0.0000       15.540         0.00     0.00     0.00
    10842  -8.8942       0.0000       15.968         0.00     0.00     0.00
    10843  -8.1472       0.0000       16.362         0.00     0.00     0.00
    10844  -7.3829       0.0000       16.721         0.00     0.00     0.00
    10845  -6.6028       0.0000       17.044         0.00     0.00     0.00
    10846  -5.8086       0.0000       17.330         0.00     0.00     0.00
    10847  -5.0020       0.0000       17.580         0.00     0.00     0.00
    10848  -4.1848       0.0000       17.793         0.00     0.00     0.00
    10849  -3.3586       0.0000       17.967         0.00     0.00     0.00
    10850  -2.5252       0.0000       18.103         0.00     0.00     0.00
    10851  -1.6865       0.0000       18.200         0.00     0.00     0.00
    10852 -0.84414       0.0000       18.258         0.00     0.00     0.00
    12587   0.0000       0.0000       19.978         0.00     0.00     0.00

    NODE        X            Y            Z          THXY     THYZ     THZX
    12588   0.0000       0.0000       21.678         0.00     0.00     0.00
    12589   0.0000       0.0000       23.378         0.00     0.00     0.00
    12590   0.0000       0.0000       25.078         0.00     0.00     0.00
    12591  -25.051       0.0000       1.1582         0.00     0.00     0.00
    12592  -24.971       0.0000       2.3139         0.00     0.00     0.00
    12593  -24.838       0.0000       3.4647         0.00     0.00     0.00
    12594  -24.651       0.0000       4.6081         0.00     0.00     0.00
    12595  -24.412       0.0000       5.7416         0.00     0.00     0.00
    12596  -24.121       0.0000       6.8629         0.00     0.00     0.00
    12597  -23.778       0.0000       7.9696         0.00     0.00     0.00
    12598  -23.385       0.0000       9.0592         0.00     0.00     0.00
    12599  -22.941       0.0000       10.130         0.00     0.00     0.00
    12600  -22.449       0.0000       11.178         0.00     0.00     0.00
    12601  -21.909       0.0000       12.203         0.00     0.00     0.00
    12602  -21.322       0.0000       13.202         0.00     0.00     0.00
    12603  -20.689       0.0000       14.172         0.00     0.00     0.00
    12604  -20.013       0.0000       15.113         0.00     0.00     0.00
    12605  -19.293       0.0000       16.021         0.00     0.00     0.00
    12606  -18.533       0.0000       16.895         0.00     0.00     0.00
    12607  -17.733       0.0000       17.733         0.00     0.00     0.00

    NODE        X            Y            Z          THXY     THYZ     THZX
    12608  -16.895       0.0000       18.533         0.00     0.00     0.00
    12609  -16.021       0.0000       19.293         0.00     0.00     0.00
    12610  -15.113       0.0000       20.013         0.00     0.00     0.00
    12611  -14.172       0.0000       20.689         0.00     0.00     0.00
    12612  -13.202       0.0000       21.322         0.00     0.00     0.00
    12613  -12.203       0.0000       21.909         0.00     0.00     0.00
    12614  -11.178       0.0000       22.449         0.00     0.00     0.00
    12615  -10.130       0.0000       22.941         0.00     0.00     0.00
    12616  -9.0592       0.0000       23.385         0.00     0.00     0.00
    12617  -7.9696       0.0000       23.778         0.00     0.00     0.00
    12618  -6.8629       0.0000       24.121         0.00     0.00     0.00
    12619  -5.7416       0.0000       24.412         0.00     0.00     0.00
    12620  -4.6081       0.0000       24.651         0.00     0.00     0.00
    12621  -3.4647       0.0000       24.838         0.00     0.00     0.00
    12622  -2.3139       0.0000       24.971         0.00     0.00     0.00
    12623  -1.1582       0.0000       25.051         0.00     0.00     0.00
    12624  -23.353       0.0000       1.0797         0.00     0.00     0.00
    12625  -23.278       0.0000       2.1570         0.00     0.00     0.00
    12626  -23.154       0.0000       3.2298         0.00     0.00     0.00
    12627  -22.980       0.0000       4.2957         0.00     0.00     0.00

    NODE        X            Y            Z          THXY     THYZ     THZX
    12628  -22.757       0.0000       5.3524         0.00     0.00     0.00
    12629  -22.486       0.0000       6.3977         0.00     0.00     0.00
    12630  -22.166       0.0000       7.4293         0.00     0.00     0.00
    12631  -21.799       0.0000       8.4451         0.00     0.00     0.00
    12632  -21.386       0.0000       9.4429         0.00     0.00     0.00
    12633  -20.927       0.0000       10.420         0.00     0.00     0.00
    12634  -20.424       0.0000       11.376         0.00     0.00     0.00
    12635  -19.876       0.0000       12.307         0.00     0.00     0.00
    12636  -19.287       0.0000       13.212         0.00     0.00     0.00
    12637  -18.656       0.0000       14.088         0.00     0.00     0.00
    12638  -17.985       0.0000       14.935         0.00     0.00     0.00
    12639  -17.277       0.0000       15.750         0.00     0.00     0.00
    12640  -16.531       0.0000       16.531         0.00     0.00     0.00
    12641  -15.750       0.0000       17.277         0.00     0.00     0.00
    12642  -14.935       0.0000       17.985         0.00     0.00     0.00
    12643  -14.088       0.0000       18.656         0.00     0.00     0.00
    12644  -13.212       0.0000       19.287         0.00     0.00     0.00
    12645  -12.307       0.0000       19.876         0.00     0.00     0.00
    12646  -11.376       0.0000       20.424         0.00     0.00     0.00
    12647  -10.420       0.0000       20.927         0.00     0.00     0.00

    NODE        X            Y            Z          THXY     THYZ     THZX
    12648  -9.4429       0.0000       21.386         0.00     0.00     0.00
    12649  -8.4451       0.0000       21.799         0.00     0.00     0.00
    12650  -7.4293       0.0000       22.166         0.00     0.00     0.00
    12651  -6.3977       0.0000       22.486         0.00     0.00     0.00
    12652  -5.3524       0.0000       22.757         0.00     0.00     0.00
    12653  -4.2957       0.0000       22.980         0.00     0.00     0.00
    12654  -3.2298       0.0000       23.154         0.00     0.00     0.00
    12655  -2.1570       0.0000       23.278         0.00     0.00     0.00
    12656  -1.0797       0.0000       23.353         0.00     0.00     0.00
    12657  -21.655       0.0000       1.0012         0.00     0.00     0.00
    12658  -21.586       0.0000       2.0002         0.00     0.00     0.00
    12659  -21.470       0.0000       2.9950         0.00     0.00     0.00
    12660  -21.309       0.0000       3.9833         0.00     0.00     0.00
    12661  -21.102       0.0000       4.9632         0.00     0.00     0.00
    12662  -20.850       0.0000       5.9325         0.00     0.00     0.00
    12663  -20.554       0.0000       6.8891         0.00     0.00     0.00
    12664  -20.214       0.0000       7.8310         0.00     0.00     0.00
    12665  -19.831       0.0000       8.7562         0.00     0.00     0.00
    12666  -19.405       0.0000       9.6627         0.00     0.00     0.00
    12667  -18.938       0.0000       10.549         0.00     0.00     0.00

    NODE        X            Y            Z          THXY     THYZ     THZX
    12668  -18.431       0.0000       11.412         0.00     0.00     0.00
    12669  -17.884       0.0000       12.251         0.00     0.00     0.00
    12670  -17.299       0.0000       13.064         0.00     0.00     0.00
    12671  -16.678       0.0000       13.849         0.00     0.00     0.00
    12672  -16.020       0.0000       14.604         0.00     0.00     0.00
    12673  -15.329       0.0000       15.329         0.00     0.00     0.00
    12674  -14.604       0.0000       16.020         0.00     0.00     0.00
    12675  -13.849       0.0000       16.678         0.00     0.00     0.00
    12676  -13.064       0.0000       17.299         0.00     0.00     0.00
    12677  -12.251       0.0000       17.884         0.00     0.00     0.00
    12678  -11.412       0.0000       18.431         0.00     0.00     0.00
    12679  -10.549       0.0000       18.938         0.00     0.00     0.00
    12680  -9.6627       0.0000       19.405         0.00     0.00     0.00
    12681  -8.7562       0.0000       19.831         0.00     0.00     0.00
    12682  -7.8310       0.0000       20.214         0.00     0.00     0.00
    12683  -6.8891       0.0000       20.554         0.00     0.00     0.00
    12684  -5.9325       0.0000       20.850         0.00     0.00     0.00
    12685  -4.9632       0.0000       21.102         0.00     0.00     0.00
    12686  -3.9833       0.0000       21.309         0.00     0.00     0.00
    12687  -2.9950       0.0000       21.470         0.00     0.00     0.00

    NODE        X            Y            Z          THXY     THYZ     THZX
    12688  -2.0002       0.0000       21.586         0.00     0.00     0.00
    12689  -1.0012       0.0000       21.655         0.00     0.00     0.00
    12690  -19.957       0.0000      0.92265         0.00     0.00     0.00
    12691  -19.893       0.0000       1.8433         0.00     0.00     0.00
    12692  -19.786       0.0000       2.7601         0.00     0.00     0.00
    12693  -19.638       0.0000       3.6709         0.00     0.00     0.00
    12694  -19.447       0.0000       4.5740         0.00     0.00     0.00
    12695  -19.215       0.0000       5.4672         0.00     0.00     0.00
    12696  -18.942       0.0000       6.3488         0.00     0.00     0.00
    12697  -18.629       0.0000       7.2169         0.00     0.00     0.00
    12698  -18.276       0.0000       8.0695         0.00     0.00     0.00
    12699  -17.884       0.0000       8.9050         0.00     0.00     0.00
    12700  -17.453       0.0000       9.7214         0.00     0.00     0.00
    12701  -16.986       0.0000       10.517         0.00     0.00     0.00
    12702  -16.482       0.0000       11.290         0.00     0.00     0.00
    12703  -15.943       0.0000       12.039         0.00     0.00     0.00
    12704  -15.370       0.0000       12.763         0.00     0.00     0.00
    12705  -14.764       0.0000       13.459         0.00     0.00     0.00
    12706  -14.127       0.0000       14.127         0.00     0.00     0.00
    12707  -13.459       0.0000       14.764         0.00     0.00     0.00

    NODE        X            Y            Z          THXY     THYZ     THZX
    12708  -12.763       0.0000       15.370         0.00     0.00     0.00
    12709  -12.039       0.0000       15.943         0.00     0.00     0.00
    12710  -11.290       0.0000       16.482         0.00     0.00     0.00
    12711  -10.517       0.0000       16.986         0.00     0.00     0.00
    12712  -9.7214       0.0000       17.453         0.00     0.00     0.00
    12713  -8.9050       0.0000       17.884         0.00     0.00     0.00
    12714  -8.0695       0.0000       18.276         0.00     0.00     0.00
    12715  -7.2169       0.0000       18.629         0.00     0.00     0.00
    12716  -6.3488       0.0000       18.942         0.00     0.00     0.00
    12717  -5.4672       0.0000       19.215         0.00     0.00     0.00
    12718  -4.5740       0.0000       19.447         0.00     0.00     0.00
    12719  -3.6709       0.0000       19.638         0.00     0.00     0.00
    12720  -2.7601       0.0000       19.786         0.00     0.00     0.00
    12721  -1.8433       0.0000       19.893         0.00     0.00     0.00
    12722 -0.92265       0.0000       19.957         0.00     0.00     0.00
    16123  0.84414       0.0000       18.258         0.00     0.00     0.00
    16124   1.6865       0.0000       18.200         0.00     0.00     0.00
    16125   2.5252       0.0000       18.103         0.00     0.00     0.00
    16126   3.3586       0.0000       17.967         0.00     0.00     0.00
    16127   4.1848       0.0000       17.793         0.00     0.00     0.00

    NODE        X            Y            Z          THXY     THYZ     THZX
    16128   5.0020       0.0000       17.580         0.00     0.00     0.00
    16129   5.8086       0.0000       17.330         0.00     0.00     0.00
    16130   6.6028       0.0000       17.044         0.00     0.00     0.00
    16131   7.3829       0.0000       16.721         0.00     0.00     0.00
    16132   8.1472       0.0000       16.362         0.00     0.00     0.00
    16133   8.8942       0.0000       15.968         0.00     0.00     0.00
    16134   9.6221       0.0000       15.540         0.00     0.00     0.00
    16135   10.330       0.0000       15.079         0.00     0.00     0.00
    16136   11.015       0.0000       14.586         0.00     0.00     0.00
    16137   11.677       0.0000       14.062         0.00     0.00     0.00
    16138   12.314       0.0000       13.508         0.00     0.00     0.00
    16139   12.924       0.0000       12.924         0.00     0.00     0.00
    16140   13.508       0.0000       12.314         0.00     0.00     0.00
    16141   14.062       0.0000       11.677         0.00     0.00     0.00
    16142   14.586       0.0000       11.015         0.00     0.00     0.00
    16143   15.079       0.0000       10.330         0.00     0.00     0.00
    16144   15.540       0.0000       9.6221         0.00     0.00     0.00
    16145   15.968       0.0000       8.8942         0.00     0.00     0.00
    16146   16.362       0.0000       8.1472         0.00     0.00     0.00
    16147   16.721       0.0000       7.3829         0.00     0.00     0.00

    NODE        X            Y            Z          THXY     THYZ     THZX
    16148   17.044       0.0000       6.6028         0.00     0.00     0.00
    16149   17.330       0.0000       5.8086         0.00     0.00     0.00
    16150   17.580       0.0000       5.0020         0.00     0.00     0.00
    16151   17.793       0.0000       4.1848         0.00     0.00     0.00
    16152   17.967       0.0000       3.3586         0.00     0.00     0.00
    16153   18.103       0.0000       2.5252         0.00     0.00     0.00
    16154   18.200       0.0000       1.6865         0.00     0.00     0.00
    16155   18.258       0.0000      0.84414         0.00     0.00     0.00
    17823   1.1582       0.0000       25.051         0.00     0.00     0.00
    17824   2.3139       0.0000       24.971         0.00     0.00     0.00
    17825   3.4647       0.0000       24.838         0.00     0.00     0.00
    17826   4.6081       0.0000       24.651         0.00     0.00     0.00
    17827   5.7416       0.0000       24.412         0.00     0.00     0.00
    17828   6.8629       0.0000       24.121         0.00     0.00     0.00
    17829   7.9696       0.0000       23.778         0.00     0.00     0.00
    17830   9.0592       0.0000       23.385         0.00     0.00     0.00
    17831   10.130       0.0000       22.941         0.00     0.00     0.00
    17832   11.178       0.0000       22.449         0.00     0.00     0.00
    17833   12.203       0.0000       21.909         0.00     0.00     0.00
    17834   13.202       0.0000       21.322         0.00     0.00     0.00

    NODE        X            Y            Z          THXY     THYZ     THZX
    17835   14.172       0.0000       20.689         0.00     0.00     0.00
    17836   15.113       0.0000       20.013         0.00     0.00     0.00
    17837   16.021       0.0000       19.293         0.00     0.00     0.00
    17838   16.895       0.0000       18.533         0.00     0.00     0.00
    17839   17.733       0.0000       17.733         0.00     0.00     0.00
    17840   18.533       0.0000       16.895         0.00     0.00     0.00
    17841   19.293       0.0000       16.021         0.00     0.00     0.00
    17842   20.013       0.0000       15.113         0.00     0.00     0.00
    17843   20.689       0.0000       14.172         0.00     0.00     0.00
    17844   21.322       0.0000       13.202         0.00     0.00     0.00
    17845   21.909       0.0000       12.203         0.00     0.00     0.00
    17846   22.449       0.0000       11.178         0.00     0.00     0.00
    17847   22.941       0.0000       10.130         0.00     0.00     0.00
    17848   23.385       0.0000       9.0592         0.00     0.00     0.00
    17849   23.778       0.0000       7.9696         0.00     0.00     0.00
    17850   24.121       0.0000       6.8629         0.00     0.00     0.00
    17851   24.412       0.0000       5.7416         0.00     0.00     0.00
    17852   24.651       0.0000       4.6081         0.00     0.00     0.00
    17853   24.838       0.0000       3.4647         0.00     0.00     0.00
    17854   24.971       0.0000       2.3139         0.00     0.00     0.00

    NODE        X            Y            Z          THXY     THYZ     THZX
    17855   25.051       0.0000       1.1582         0.00     0.00     0.00
    17856   1.0797       0.0000       23.353         0.00     0.00     0.00
    17857   2.1570       0.0000       23.278         0.00     0.00     0.00
    17858   3.2298       0.0000       23.154         0.00     0.00     0.00
    17859   4.2957       0.0000       22.980         0.00     0.00     0.00
    17860   5.3524       0.0000       22.757         0.00     0.00     0.00
    17861   6.3977       0.0000       22.486         0.00     0.00     0.00
    17862   7.4293       0.0000       22.166         0.00     0.00     0.00
    17863   8.4451       0.0000       21.799         0.00     0.00     0.00
    17864   9.4429       0.0000       21.386         0.00     0.00     0.00
    17865   10.420       0.0000       20.927         0.00     0.00     0.00
    17866   11.376       0.0000       20.424         0.00     0.00     0.00
    17867   12.307       0.0000       19.876         0.00     0.00     0.00
    17868   13.212       0.0000       19.287         0.00     0.00     0.00
    17869   14.088       0.0000       18.656         0.00     0.00     0.00
    17870   14.935       0.0000       17.985         0.00     0.00     0.00
    17871   15.750       0.0000       17.277         0.00     0.00     0.00
    17872   16.531       0.0000       16.531         0.00     0.00     0.00
    17873   17.277       0.0000       15.750         0.00     0.00     0.00
    17874   17.985       0.0000       14.935         0.00     0.00     0.00

    NODE        X            Y            Z          THXY     THYZ     THZX
    17875   18.656       0.0000       14.088         0.00     0.00     0.00
    17876   19.287       0.0000       13.212         0.00     0.00     0.00
    17877   19.876       0.0000       12.307         0.00     0.00     0.00
    17878   20.424       0.0000       11.376         0.00     0.00     0.00
    17879   20.927       0.0000       10.420         0.00     0.00     0.00
    17880   21.386       0.0000       9.4429         0.00     0.00     0.00
    17881   21.799       0.0000       8.4451         0.00     0.00     0.00
    17882   22.166       0.0000       7.4293         0.00     0.00     0.00
    17883   22.486       0.0000       6.3977         0.00     0.00     0.00
    17884   22.757       0.0000       5.3524         0.00     0.00     0.00
    17885   22.980       0.0000       4.2957         0.00     0.00     0.00
    17886   23.154       0.0000       3.2298         0.00     0.00     0.00
    17887   23.278       0.0000       2.1570         0.00     0.00     0.00
    17888   23.353       0.0000       1.0797         0.00     0.00     0.00
    17889   1.0012       0.0000       21.655         0.00     0.00     0.00
    17890   2.0002       0.0000       21.586         0.00     0.00     0.00
    17891   2.9950       0.0000       21.470         0.00     0.00     0.00
    17892   3.9833       0.0000       21.309         0.00     0.00     0.00
    17893   4.9632       0.0000       21.102         0.00     0.00     0.00
    17894   5.9325       0.0000       20.850         0.00     0.00     0.00

    NODE        X            Y            Z          THXY     THYZ     THZX
    17895   6.8891       0.0000       20.554         0.00     0.00     0.00
    17896   7.8310       0.0000       20.214         0.00     0.00     0.00
    17897   8.7562       0.0000       19.831         0.00     0.00     0.00
    17898   9.6627       0.0000       19.405         0.00     0.00     0.00
    17899   10.549       0.0000       18.938         0.00     0.00     0.00
    17900   11.412       0.0000       18.431         0.00     0.00     0.00
    17901   12.251       0.0000       17.884         0.00     0.00     0.00
    17902   13.064       0.0000       17.299         0.00     0.00     0.00
    17903   13.849       0.0000       16.678         0.00     0.00     0.00
    17904   14.604       0.0000       16.020         0.00     0.00     0.00
    17905   15.329       0.0000       15.329         0.00     0.00     0.00
    17906   16.020       0.0000       14.604         0.00     0.00     0.00
    17907   16.678       0.0000       13.849         0.00     0.00     0.00
    17908   17.299       0.0000       13.064         0.00     0.00     0.00
    17909   17.884       0.0000       12.251         0.00     0.00     0.00
    17910   18.431       0.0000       11.412         0.00     0.00     0.00
    17911   18.938       0.0000       10.549         0.00     0.00     0.00
    17912   19.405       0.0000       9.6627         0.00     0.00     0.00
    17913   19.831       0.0000       8.7562         0.00     0.00     0.00
    17914   20.214       0.0000       7.8310         0.00     0.00     0.00

    NODE        X            Y            Z          THXY     THYZ     THZX
    17915   20.554       0.0000       6.8891         0.00     0.00     0.00
    17916   20.850       0.0000       5.9325         0.00     0.00     0.00
    17917   21.102       0.0000       4.9632         0.00     0.00     0.00
    17918   21.309       0.0000       3.9833         0.00     0.00     0.00
    17919   21.470       0.0000       2.9950         0.00     0.00     0.00
    17920   21.586       0.0000       2.0002         0.00     0.00     0.00
    17921   21.655       0.0000       1.0012         0.00     0.00     0.00
    17922  0.92265       0.0000       19.957         0.00     0.00     0.00
    17923   1.8433       0.0000       19.893         0.00     0.00     0.00
    17924   2.7601       0.0000       19.786         0.00     0.00     0.00
    17925   3.6709       0.0000       19.638         0.00     0.00     0.00
    17926   4.5740       0.0000       19.447         0.00     0.00     0.00
    17927   5.4672       0.0000       19.215         0.00     0.00     0.00
    17928   6.3488       0.0000       18.942         0.00     0.00     0.00
    17929   7.2169       0.0000       18.629         0.00     0.00     0.00
    17930   8.0695       0.0000       18.276         0.00     0.00     0.00
    17931   8.9050       0.0000       17.884         0.00     0.00     0.00
    17932   9.7214       0.0000       17.453         0.00     0.00     0.00
    17933   10.517       0.0000       16.986         0.00     0.00     0.00
    17934   11.290       0.0000       16.482         0.00     0.00     0.00

    NODE        X            Y            Z          THXY     THYZ     THZX
    17935   12.039       0.0000       15.943         0.00     0.00     0.00
    17936   12.763       0.0000       15.370         0.00     0.00     0.00
    17937   13.459       0.0000       14.764         0.00     0.00     0.00
    17938   14.127       0.0000       14.127         0.00     0.00     0.00
    17939   14.764       0.0000       13.459         0.00     0.00     0.00
    17940   15.370       0.0000       12.763         0.00     0.00     0.00
    17941   15.943       0.0000       12.039         0.00     0.00     0.00
    17942   16.482       0.0000       11.290         0.00     0.00     0.00
    17943   16.986       0.0000       10.517         0.00     0.00     0.00
    17944   17.453       0.0000       9.7214         0.00     0.00     0.00
    17945   17.884       0.0000       8.9050         0.00     0.00     0.00
    17946   18.276       0.0000       8.0695         0.00     0.00     0.00
    17947   18.629       0.0000       7.2169         0.00     0.00     0.00
    17948   18.942       0.0000       6.3488         0.00     0.00     0.00
    17949   19.215       0.0000       5.4672         0.00     0.00     0.00
    17950   19.447       0.0000       4.5740         0.00     0.00     0.00
    17951   19.638       0.0000       3.6709         0.00     0.00     0.00
    17952   19.786       0.0000       2.7601         0.00     0.00     0.00
    17953   19.893       0.0000       1.8433         0.00     0.00     0.00
    17954   19.957       0.0000      0.92265         0.00     0.00     0.00

