
 LIST ALL SELECTED NODES.   DSYS=      0

    NODE        X            Y            Z          THXY     THYZ     THZX
      921   0.0000       0.0000      -26.778         0.00     0.00     0.00
      955   26.778       0.0000       0.0000         0.00     0.00     0.00
      956   26.749       0.0000      -1.2367         0.00     0.00     0.00
      957   26.664       0.0000      -2.4708         0.00     0.00     0.00
      958   26.521       0.0000      -3.6996         0.00     0.00     0.00
      959   26.322       0.0000      -4.9204         0.00     0.00     0.00
      960   26.067       0.0000      -6.1308         0.00     0.00     0.00
      961   25.756       0.0000      -7.3281         0.00     0.00     0.00
      962   25.390       0.0000      -8.5098         0.00     0.00     0.00
      963   24.970       0.0000      -9.6733         0.00     0.00     0.00
      964   24.496       0.0000      -10.816         0.00     0.00     0.00
      965   23.971       0.0000      -11.936         0.00     0.00     0.00
      966   23.394       0.0000      -13.030         0.00     0.00     0.00
      967   22.767       0.0000      -14.097         0.00     0.00     0.00
      968   22.092       0.0000      -15.133         0.00     0.00     0.00
      969   21.369       0.0000      -16.137         0.00     0.00     0.00
      970   20.601       0.0000      -17.107         0.00     0.00     0.00
      971   19.789       0.0000      -18.040         0.00     0.00     0.00
      972   18.935       0.0000      -18.935         0.00     0.00     0.00
      973   18.040       0.0000      -19.789         0.00     0.00     0.00

    NODE        X            Y            Z          THXY     THYZ     THZX
      974   17.107       0.0000      -20.601         0.00     0.00     0.00
      975   16.137       0.0000      -21.369         0.00     0.00     0.00
      976   15.133       0.0000      -22.092         0.00     0.00     0.00
      977   14.097       0.0000      -22.767         0.00     0.00     0.00
      978   13.030       0.0000      -23.394         0.00     0.00     0.00
      979   11.936       0.0000      -23.971         0.00     0.00     0.00
      980   10.816       0.0000      -24.496         0.00     0.00     0.00
      981   9.6733       0.0000      -24.970         0.00     0.00     0.00
      982   8.5098       0.0000      -25.390         0.00     0.00     0.00
      983   7.3281       0.0000      -25.756         0.00     0.00     0.00
      984   6.1308       0.0000      -26.067         0.00     0.00     0.00
      985   4.9204       0.0000      -26.322         0.00     0.00     0.00
      986   3.6996       0.0000      -26.521         0.00     0.00     0.00
      987   2.4708       0.0000      -26.664         0.00     0.00     0.00
      988   1.2367       0.0000      -26.749         0.00     0.00     0.00
     6399  -26.778       0.0000       0.0000         0.00     0.00     0.00
     6433  -1.2367       0.0000      -26.749         0.00     0.00     0.00
     6434  -2.4708       0.0000      -26.664         0.00     0.00     0.00
     6435  -3.6996       0.0000      -26.521         0.00     0.00     0.00
     6436  -4.9204       0.0000      -26.322         0.00     0.00     0.00

    NODE        X            Y            Z          THXY     THYZ     THZX
     6437  -6.1308       0.0000      -26.067         0.00     0.00     0.00
     6438  -7.3281       0.0000      -25.756         0.00     0.00     0.00
     6439  -8.5098       0.0000      -25.390         0.00     0.00     0.00
     6440  -9.6733       0.0000      -24.970         0.00     0.00     0.00
     6441  -10.816       0.0000      -24.496         0.00     0.00     0.00
     6442  -11.936       0.0000      -23.971         0.00     0.00     0.00
     6443  -13.030       0.0000      -23.394         0.00     0.00     0.00
     6444  -14.097       0.0000      -22.767         0.00     0.00     0.00
     6445  -15.133       0.0000      -22.092         0.00     0.00     0.00
     6446  -16.137       0.0000      -21.369         0.00     0.00     0.00
     6447  -17.107       0.0000      -20.601         0.00     0.00     0.00
     6448  -18.040       0.0000      -19.789         0.00     0.00     0.00
     6449  -18.935       0.0000      -18.935         0.00     0.00     0.00
     6450  -19.789       0.0000      -18.040         0.00     0.00     0.00
     6451  -20.601       0.0000      -17.107         0.00     0.00     0.00
     6452  -21.369       0.0000      -16.137         0.00     0.00     0.00
     6453  -22.092       0.0000      -15.133         0.00     0.00     0.00
     6454  -22.767       0.0000      -14.097         0.00     0.00     0.00
     6455  -23.394       0.0000      -13.030         0.00     0.00     0.00
     6456  -23.971       0.0000      -11.936         0.00     0.00     0.00

    NODE        X            Y            Z          THXY     THYZ     THZX
     6457  -24.496       0.0000      -10.816         0.00     0.00     0.00
     6458  -24.970       0.0000      -9.6733         0.00     0.00     0.00
     6459  -25.390       0.0000      -8.5098         0.00     0.00     0.00
     6460  -25.756       0.0000      -7.3281         0.00     0.00     0.00
     6461  -26.067       0.0000      -6.1308         0.00     0.00     0.00
     6462  -26.322       0.0000      -4.9204         0.00     0.00     0.00
     6463  -26.521       0.0000      -3.6996         0.00     0.00     0.00
     6464  -26.664       0.0000      -2.4708         0.00     0.00     0.00
     6465  -26.749       0.0000      -1.2367         0.00     0.00     0.00
    11703   0.0000       0.0000       26.778         0.00     0.00     0.00
    11737  -26.749       0.0000       1.2367         0.00     0.00     0.00
    11738  -26.664       0.0000       2.4708         0.00     0.00     0.00
    11739  -26.521       0.0000       3.6996         0.00     0.00     0.00
    11740  -26.322       0.0000       4.9204         0.00     0.00     0.00
    11741  -26.067       0.0000       6.1308         0.00     0.00     0.00
    11742  -25.756       0.0000       7.3281         0.00     0.00     0.00
    11743  -25.390       0.0000       8.5098         0.00     0.00     0.00
    11744  -24.970       0.0000       9.6733         0.00     0.00     0.00
    11745  -24.496       0.0000       10.816         0.00     0.00     0.00
    11746  -23.971       0.0000       11.936         0.00     0.00     0.00

    NODE        X            Y            Z          THXY     THYZ     THZX
    11747  -23.394       0.0000       13.030         0.00     0.00     0.00
    11748  -22.767       0.0000       14.097         0.00     0.00     0.00
    11749  -22.092       0.0000       15.133         0.00     0.00     0.00
    11750  -21.369       0.0000       16.137         0.00     0.00     0.00
    11751  -20.601       0.0000       17.107         0.00     0.00     0.00
    11752  -19.789       0.0000       18.040         0.00     0.00     0.00
    11753  -18.935       0.0000       18.935         0.00     0.00     0.00
    11754  -18.040       0.0000       19.789         0.00     0.00     0.00
    11755  -17.107       0.0000       20.601         0.00     0.00     0.00
    11756  -16.137       0.0000       21.369         0.00     0.00     0.00
    11757  -15.133       0.0000       22.092         0.00     0.00     0.00
    11758  -14.097       0.0000       22.767         0.00     0.00     0.00
    11759  -13.030       0.0000       23.394         0.00     0.00     0.00
    11760  -11.936       0.0000       23.971         0.00     0.00     0.00
    11761  -10.816       0.0000       24.496         0.00     0.00     0.00
    11762  -9.6733       0.0000       24.970         0.00     0.00     0.00
    11763  -8.5098       0.0000       25.390         0.00     0.00     0.00
    11764  -7.3281       0.0000       25.756         0.00     0.00     0.00
    11765  -6.1308       0.0000       26.067         0.00     0.00     0.00
    11766  -4.9204       0.0000       26.322         0.00     0.00     0.00

    NODE        X            Y            Z          THXY     THYZ     THZX
    11767  -3.6996       0.0000       26.521         0.00     0.00     0.00
    11768  -2.4708       0.0000       26.664         0.00     0.00     0.00
    11769  -1.2367       0.0000       26.749         0.00     0.00     0.00
    16973   1.2367       0.0000       26.749         0.00     0.00     0.00
    16974   2.4708       0.0000       26.664         0.00     0.00     0.00
    16975   3.6996       0.0000       26.521         0.00     0.00     0.00
    16976   4.9204       0.0000       26.322         0.00     0.00     0.00
    16977   6.1308       0.0000       26.067         0.00     0.00     0.00
    16978   7.3281       0.0000       25.756         0.00     0.00     0.00
    16979   8.5098       0.0000       25.390         0.00     0.00     0.00
    16980   9.6733       0.0000       24.970         0.00     0.00     0.00
    16981   10.816       0.0000       24.496         0.00     0.00     0.00
    16982   11.936       0.0000       23.971         0.00     0.00     0.00
    16983   13.030       0.0000       23.394         0.00     0.00     0.00
    16984   14.097       0.0000       22.767         0.00     0.00     0.00
    16985   15.133       0.0000       22.092         0.00     0.00     0.00
    16986   16.137       0.0000       21.369         0.00     0.00     0.00
    16987   17.107       0.0000       20.601         0.00     0.00     0.00
    16988   18.040       0.0000       19.789         0.00     0.00     0.00
    16989   18.935       0.0000       18.935         0.00     0.00     0.00

    NODE        X            Y            Z          THXY     THYZ     THZX
    16990   19.789       0.0000       18.040         0.00     0.00     0.00
    16991   20.601       0.0000       17.107         0.00     0.00     0.00
    16992   21.369       0.0000       16.137         0.00     0.00     0.00
    16993   22.092       0.0000       15.133         0.00     0.00     0.00
    16994   22.767       0.0000       14.097         0.00     0.00     0.00
    16995   23.394       0.0000       13.030         0.00     0.00     0.00
    16996   23.971       0.0000       11.936         0.00     0.00     0.00
    16997   24.496       0.0000       10.816         0.00     0.00     0.00
    16998   24.970       0.0000       9.6733         0.00     0.00     0.00
    16999   25.390       0.0000       8.5098         0.00     0.00     0.00
    17000   25.756       0.0000       7.3281         0.00     0.00     0.00
    17001   26.067       0.0000       6.1308         0.00     0.00     0.00
    17002   26.322       0.0000       4.9204         0.00     0.00     0.00
    17003   26.521       0.0000       3.6996         0.00     0.00     0.00
    17004   26.664       0.0000       2.4708         0.00     0.00     0.00
    17005   26.749       0.0000       1.2367         0.00     0.00     0.00

